0 487 204 173 342 407 0 138 299 893 3 132 231 203 3 125 234 1 650 142 68 1140 0 131 241 1025 0 95 48 0 0 73 188 
1 468 205 169 340 389 6 124 284 868 0 148 243 166 1 129 234 48 4 117 204 994 0 112 248 1 637 147 80 1131 3 139 200 0 1 51 192 
2 447 199 173 353 844 0 135 237 137 0 143 202 10 2 130 202 361 30 133 244 965 0 117 236 
3 433 200 168 351 825 2 136 208 105 0 152 206 5 3 122 203 953 0 113 215 1090 0 106 49 
4 410 190 177 367 796 0 138 211 86 0 149 204 929 4 139 205 1212 0 65 210 1066 0 103 48 3 2 68 191 
5 394 181 173 382 786 4 126 200 87 0 136 197 910 0 127 214 3 3 64 187 1155 7 122 198 
6 390 185 169 376 40 2 162 195 760 5 140 198 898 1 127 211 
7 379 205 171 348 748 1 134 208 33 2 157 200 881 0 138 213 
8 369 215 174 330 733 4 142 198 1 0 166 198 870 1 153 211 
9 362 205 182 372 1 2 152 195 720 7 149 196 849 0 117 211 951 2 126 204 
10 366 223 175 339 0 6 139 184 701 2 137 204 835 0 124 210 948 2 122 202 1216 1 61 204 1151 3 119 203 
11 379 209 157 346 691 6 140 192 1 8 130 184 813 2 124 203 1212 1 67 198 
12 378 203 161 355 682 6 134 194 0 6 118 187 803 0 136 205 892 2 159 199 1210 5 70 192 
13 378 202 162 359 656 6 146 191 2 0 105 200 895 2 157 193 797 1 118 201 1207 1 73 193 
14 375 205 174 353 651 4 142 191 897 2 150 194 783 3 132 194 0 0 82 193 
15 380 200 172 362 780 3 128 193 645 6 142 188 0 0 80 190 885 4 138 182 
16 637 2 129 193 385 222 169 352 759 2 135 192 0 1 67 185 876 4 142 182 
17 391 226 160 358 629 5 134 189 846 0 157 192 747 0 127 195 0 0 53 188 157 0 105 248 
18 386 224 160 363 734 3 131 191 604 3 141 191 848 0 150 190 1 0 40 193 
19 374 220 166 367 593 4 144 185 828 3 156 180 732 5 127 184 
20 365 229 172 345 825 1 150 180 585 4 136 184 700 2 142 188 115 0 117 245 
21 349 218 177 360 793 0 166 182 572 8 152 176 693 2 121 186 107 0 112 246 
22 345 220 181 361 555 1 145 184 688 2 119 183 792 0 169 180 107 0 104 246 
23 349 213 176 373 555 2 144 180 686 3 126 179 103 0 113 243 793 0 167 177 
24 359 196 182 370 683 3 128 176 406 152 61 63 554 2 146 179 794 0 164 177 102 0 114 242 
25 360 206 184 387 682 4 128 175 554 1 144 180 101 0 116 242 
26 359 219 189 364 683 3 124 175 99 0 119 240 553 2 144 177 
27 683 2 123 175 353 199 202 394 100 1 116 237 554 2 134 177 794 1 159 156 
28 338 187 231 388 683 0 124 174 101 0 108 237 555 1 136 174 
29 340 178 245 401 687 0 121 170 97 0 112 234 547 4 140 166 543 1 147 159 800 4 148 163 
30 337 173 249 406 683 3 129 163 80 0 117 232 543 9 137 152 
31 344 165 239 406 677 3 145 152 77 0 118 230 548 19 116 137 534 6 147 148 
32 339 161 242 403 72 1 128 210 652 5 152 145 548 25 113 124 533 8 145 142 510 451 55 52 
33 330 162 254 392 47 3 145 203 508 10 151 133 644 5 157 142 501 426 58 57 
34 323 167 253 385 43 1 143 202 513 5 133 140 639 4 152 140 509 11 172 130 
35 309 165 251 393 35 2 153 198 500 5 130 136 480 407 51 50 
36 299 164 244 395 21 4 131 194 480 6 161 136 622 3 169 138 492 5 132 137 
37 295 177 213 378 9 8 133 188 454 408 52 50 470 8 169 136 590 5 163 139 456 9 159 134 875 3 166 129 
38 285 152 199 424 2 6 143 191 448 8 161 136 604 0 103 151 868 7 171 125 445 414 50 49 
39 279 156 192 415 0 5 145 192 436 7 168 137 433 426 52 43 
40 280 159 181 410 0 5 144 194 429 6 171 136 419 426 56 51 668 0 344 136 
41 278 149 168 433 420 4 177 136 0 5 140 193 413 441 49 45 572 0 113 135 
42 277 127 160 453 416 4 176 125 402 450 57 53 1 5 135 191 564 0 115 128 
43 277 124 159 453 2 5 138 191 398 472 58 55 412 4 179 122 563 1 112 126 
44 272 114 172 466 3 4 142 192 412 2 182 122 560 1 114 125 
45 267 113 185 464 6 2 138 192 406 0 197 124 553 1 118 123 
46 265 91 190 503 6 1 130 189 410 0 194 123 
47 265 77 193 524 492 500 59 57 4 2 123 186 
48 254 66 202 544 514 497 61 53 1 0 117 187 
49 529 497 62 54 215 113 244 451 522 0 114 114 1 0 104 187 
50 541 495 62 57 201 118 256 447 513 0 105 114 2 1 74 178 
51 551 492 61 61 185 128 253 438 3 2 59 175 506 0 100 114 
52 557 491 62 61 162 137 281 431 
53 568 489 55 61 132 134 304 442 
54 570 492 59 55 109 138 334 436 
55 566 488 68 61 91 137 353 435 
56 571 487 61 62 87 138 367 430 
57 569 488 63 61 83 147 384 419 
58 568 486 62 58 92 156 440 403 
59 574 484 59 58 146 150 364 412 
60 1022 644 51 74 533 414 27 77 298 510 33 80 551 563 35 96 674 449 25 82 970 387 21 71 474 414 24 70 478 353 20 55 759 313 23 56 270 334 18 56 857 320 21 55 1166 509 34 73 559 318 22 51 348 319 19 40 661 353 22 57 680 389 21 66 1176 473 28 68 0 300 1126 335 0 330 14 77 647 285 25 53 
61 294 508 36 84 1021 644 54 74 532 413 27 77 967 388 22 70 672 447 26 82 471 414 24 70 473 353 21 55 549 559 37 96 757 314 23 54 267 335 22 54 854 320 22 55 1166 507 33 77 345 320 22 40 675 388 20 68 0 327 13 81 659 355 19 43 558 318 21 51 0 300 1135 336 645 286 26 51 1175 474 29 66 287 268 22 53 
62 1020 644 54 73 291 507 33 82 964 387 23 71 670 444 27 86 544 564 37 95 530 413 27 76 468 412 22 73 755 315 25 55 264 334 26 56 470 353 20 55 339 316 32 48 1172 464 29 110 669 389 23 64 0 309 1117 319 642 284 25 53 849 320 19 55 1166 507 26 76 552 316 21 56 652 358 19 65 
63 288 506 33 85 1019 644 53 73 541 565 41 92 665 444 29 85 961 387 23 71 526 415 27 75 465 412 24 73 465 354 21 53 754 316 24 53 263 334 27 55 649 361 20 60 666 389 22 61 552 316 21 54 340 316 32 49 85 289 1116 359 641 284 25 53 844 320 21 56 1166 501 26 84 1171 468 29 104 
64 1019 644 51 73 287 506 31 84 540 564 42 94 464 412 23 73 956 384 24 74 523 416 30 74 462 351 19 54 663 441 30 82 263 333 26 56 661 388 23 62 1164 499 29 86 346 318 20 41 550 313 21 57 642 361 22 61 838 316 24 55 78 291 1133 355 640 283 23 55 754 315 24 54 
65 1021 643 47 75 285 506 30 83 539 562 42 97 953 382 24 77 521 416 31 74 462 414 24 69 660 447 29 79 459 351 20 55 832 316 24 55 657 387 24 63 1164 484 30 105 346 318 19 41 549 311 19 60 635 357 26 56 263 330 24 56 752 315 26 54 637 285 25 51 64 288 1163 363 
66 1023 643 43 75 539 561 40 100 280 506 34 86 518 416 29 74 658 447 28 79 952 383 22 76 460 414 22 70 829 316 24 55 456 352 19 53 547 310 18 61 1164 480 29 111 655 386 23 65 345 314 18 45 744 310 27 58 263 331 23 54 631 358 27 50 634 286 26 52 79 292 1131 357 
67 1024 641 42 78 539 557 37 108 275 505 35 89 514 415 26 73 657 447 27 80 458 414 23 70 950 385 23 71 454 352 19 54 1164 483 29 106 544 309 18 61 651 386 21 65 743 311 27 55 827 317 24 53 343 314 19 44 262 330 23 56 627 361 19 62 263 268 21 54 633 284 25 52 95 301 1102 337 
68 1026 641 41 78 271 508 37 85 510 413 27 76 540 559 32 106 654 447 28 80 946 386 21 70 539 310 18 60 449 351 20 55 457 414 25 70 646 383 24 59 820 318 24 51 1164 471 27 123 624 361 21 62 742 312 26 54 344 312 18 46 263 330 20 56 82 294 1125 354 
69 1026 641 41 78 539 556 31 111 508 412 26 77 267 507 37 85 943 385 23 70 452 414 25 70 444 352 20 53 642 381 25 59 652 445 28 82 537 311 18 58 343 314 19 44 740 314 27 52 619 359 21 65 1163 478 27 109 263 329 20 57 815 318 25 51 73 294 1142 351 
70 536 558 31 107 1026 642 42 76 263 506 36 88 647 441 28 82 439 350 20 55 938 385 25 71 450 412 26 72 504 410 29 80 639 382 24 58 535 310 18 58 812 317 24 52 611 358 22 65 738 313 26 53 1159 447 29 145 342 317 20 41 262 329 21 57 623 284 24 53 
71 1026 644 41 74 534 560 31 104 261 508 35 83 645 438 29 84 499 413 30 77 936 385 24 71 447 412 25 73 435 349 20 56 634 382 24 56 808 316 25 54 734 313 26 54 606 356 23 56 1161 485 28 98 341 317 20 42 258 327 20 60 533 313 20 56 622 284 24 52 401 305 13 18 
72 1025 646 40 72 532 558 33 107 258 507 35 86 931 383 26 73 498 412 27 76 643 438 29 81 444 412 22 72 806 316 24 54 430 348 20 56 633 384 22 54 1159 482 31 104 341 316 18 44 257 326 20 61 732 312 24 55 528 314 20 54 602 357 22 54 620 284 23 53 
73 1024 647 41 70 256 506 33 86 492 413 27 75 636 439 32 80 440 410 23 76 928 381 25 74 529 561 36 102 427 348 20 56 256 325 20 62 803 316 24 54 595 356 25 57 1159 485 30 100 524 314 24 55 340 317 19 44 630 384 23 55 616 285 26 53 731 309 22 57 1153 469 28 74 
74 486 412 27 77 1024 647 41 69 252 508 33 85 634 439 31 79 437 410 26 77 528 561 35 101 926 381 24 74 422 346 22 59 591 357 24 68 1158 483 31 103 626 381 21 58 521 315 23 55 256 325 19 63 613 285 26 53 731 308 22 56 803 315 22 54 338 319 21 41 1151 468 29 79 
75 484 413 26 76 1024 647 42 70 633 440 30 78 436 412 26 74 250 506 33 92 526 561 37 102 415 347 21 58 621 379 22 61 585 358 25 70 1157 484 33 102 517 316 24 54 255 324 19 64 924 381 25 73 611 285 26 54 797 315 22 53 337 318 21 44 730 309 22 54 1149 466 30 83 
76 247 504 34 95 1025 648 41 69 631 440 30 81 481 411 29 81 412 347 21 58 525 560 37 104 433 413 28 72 1156 488 34 93 581 359 25 69 619 376 22 64 921 381 22 74 513 317 25 52 256 326 18 61 795 315 23 53 609 287 25 52 1145 465 31 84 332 318 19 44 731 314 19 46 
77 245 505 33 91 1025 648 42 69 630 439 28 82 430 413 30 71 476 414 29 73 572 361 29 67 526 559 34 107 512 316 24 53 409 349 22 55 1154 492 35 87 615 375 21 60 916 379 24 77 793 313 24 56 254 326 20 62 607 284 25 55 330 317 20 46 1143 463 32 86 720 309 26 54 
78 1025 647 42 70 242 504 32 93 629 437 26 83 474 414 29 75 1152 495 39 83 566 362 30 67 520 558 34 108 426 413 28 72 912 379 26 77 405 350 21 54 511 314 21 55 610 375 21 59 253 327 20 61 1140 466 25 80 327 318 17 43 791 313 23 55 721 313 24 52 605 285 25 55 
79 240 506 32 90 1025 647 43 70 520 558 32 107 1152 497 39 81 425 412 28 75 469 412 31 78 562 362 27 67 624 435 27 86 251 327 26 61 403 351 22 52 909 379 26 76 609 376 19 57 510 313 19 57 1139 466 25 80 321 315 26 53 789 312 22 56 603 283 26 58 719 313 27 50 
80 1025 647 44 70 238 504 33 94 520 555 33 111 462 411 31 79 558 361 27 69 422 411 29 78 1150 496 41 82 623 434 26 86 249 327 28 61 398 351 25 52 906 379 25 76 1134 464 28 82 510 314 19 56 606 377 22 57 786 312 21 56 318 314 26 53 717 314 30 50 601 284 23 57 
81 1024 647 44 70 235 506 33 89 459 412 29 78 1148 496 42 81 518 553 33 115 621 432 27 87 420 410 28 77 554 361 27 70 394 352 26 51 904 380 23 75 1130 465 32 82 249 327 27 61 601 376 21 58 783 313 23 55 509 315 19 54 317 314 25 53 714 316 32 46 600 283 22 56 
82 1022 647 46 71 233 506 33 90 419 412 27 73 457 412 28 79 516 547 35 127 617 430 29 87 1128 465 33 83 389 352 25 50 1150 496 38 81 549 360 25 67 249 327 26 60 903 380 24 74 599 376 21 57 783 310 22 57 316 313 24 53 599 284 22 55 717 315 30 47 508 315 21 54 
83 1021 647 48 71 513 552 38 118 614 431 30 85 232 508 34 87 419 412 27 73 455 412 28 80 386 351 26 51 1149 493 38 86 250 328 25 59 1127 466 31 81 596 374 22 59 901 379 25 75 545 360 25 69 315 311 21 53 783 309 20 57 722 321 20 37 507 315 22 55 599 282 20 57 
84 1019 647 53 72 612 433 29 82 511 554 40 115 228 508 32 86 1151 494 36 84 450 413 31 78 418 412 26 73 1125 465 31 83 383 350 26 52 252 327 23 62 540 361 24 69 594 372 22 62 314 310 20 56 900 380 26 74 783 308 20 58 505 314 18 56 597 284 21 56 724 321 18 36 
85 449 412 31 78 227 508 34 86 1020 648 52 72 611 434 29 80 1151 495 37 82 510 558 40 107 1123 464 32 85 417 413 25 71 252 327 23 62 537 361 24 69 588 368 23 61 374 349 30 54 314 310 20 55 783 308 21 58 504 314 20 57 896 381 23 72 596 284 21 57 724 321 19 36 
86 227 507 34 88 610 434 28 81 449 414 30 75 1121 462 32 88 1023 649 50 71 509 559 41 105 1152 496 37 80 372 348 31 56 416 413 26 72 534 361 24 68 585 368 25 61 255 328 21 60 782 309 24 57 312 310 22 56 896 382 23 70 502 316 22 54 596 284 21 57 696 296 25 51 
87 227 507 33 88 609 433 28 84 1026 649 48 71 509 560 42 104 1122 459 30 89 366 348 34 55 447 411 30 78 1152 496 36 79 416 412 25 74 584 370 25 57 532 362 25 69 312 310 21 57 783 309 24 57 502 317 22 54 895 382 23 71 255 329 22 58 596 284 20 58 
88 1027 649 48 71 608 432 28 85 228 506 31 88 1120 457 32 92 508 561 42 102 1154 496 35 78 365 347 30 56 446 412 29 76 583 370 25 57 416 411 24 75 893 382 25 71 784 311 24 55 256 335 23 53 312 310 21 52 530 363 25 70 502 317 22 53 596 286 21 57 735 315 20 40 181 268 21 56 698 302 18 41 
89 227 505 33 91 1029 648 48 72 608 431 27 85 1156 496 34 79 443 412 31 76 1120 457 31 93 365 347 27 56 509 561 40 100 892 380 25 74 525 363 25 71 582 371 24 56 417 411 23 75 785 311 24 56 596 286 21 58 502 316 22 55 256 336 24 52 311 310 23 52 741 317 19 37 708 305 18 40 
90 225 505 37 93 1030 647 48 73 1118 459 33 90 608 428 28 89 1157 494 34 83 511 558 39 98 440 412 32 77 365 349 24 52 524 363 25 71 892 378 24 70 417 411 23 77 259 339 26 48 785 312 26 56 596 285 20 58 580 371 26 56 502 316 23 55 312 310 22 52 743 317 18 37 704 299 24 52 
91 1159 493 34 84 1116 461 36 86 223 505 40 93 512 555 36 104 1032 646 48 74 891 377 26 72 606 428 30 80 439 412 29 77 522 365 26 68 260 339 26 48 505 315 27 57 363 349 25 52 787 313 26 55 419 412 22 77 311 309 24 52 597 283 20 61 744 315 20 40 577 371 21 55 704 300 24 50 
92 1159 493 35 83 889 376 28 74 223 506 40 91 1115 464 38 82 513 553 31 107 606 428 30 81 1035 645 50 75 519 365 27 69 436 414 31 73 311 308 25 57 506 315 26 56 260 339 26 48 420 412 24 77 789 313 26 55 574 369 23 57 362 347 29 49 597 283 20 60 747 314 20 42 704 298 25 50 175 268 22 57 
93 1161 492 35 85 1036 644 49 76 889 376 28 74 606 428 30 80 222 505 42 93 513 553 30 108 1116 466 36 80 518 363 26 72 508 314 25 58 572 367 25 59 261 338 25 49 421 411 28 79 432 412 32 78 361 346 28 51 311 308 24 56 793 314 23 53 597 284 20 59 175 267 21 58 750 312 19 45 706 297 24 51 74 298 23 27 
94 1037 646 50 74 1162 491 34 86 888 376 29 74 222 506 42 91 512 554 31 105 606 429 31 79 570 365 27 59 1116 467 36 78 509 312 27 62 360 344 28 55 429 411 34 79 516 366 26 66 263 336 23 51 311 308 25 56 794 313 24 55 707 297 24 50 597 284 22 60 174 267 21 58 74 298 22 27 
95 1039 646 48 73 888 376 29 73 606 429 31 79 511 554 31 105 1162 490 35 87 223 507 41 88 423 409 33 84 264 336 23 52 1116 468 37 77 360 343 27 57 515 366 24 65 568 365 23 59 311 308 27 56 510 312 26 62 795 314 25 54 597 284 23 59 708 296 23 50 173 266 21 59 753 305 24 49 
96 1040 648 48 72 606 429 31 79 423 408 34 87 1164 492 39 83 889 377 28 72 224 506 40 89 511 554 31 105 312 308 27 58 263 336 25 53 1116 468 38 78 565 366 24 58 358 342 29 59 513 365 25 68 511 312 26 62 598 284 23 58 171 266 22 60 710 295 22 52 802 313 24 55 756 303 22 53 
97 423 408 34 89 1166 492 38 82 606 428 30 79 1043 648 47 71 510 552 31 109 225 505 38 88 888 377 29 73 312 307 26 59 1119 466 37 79 561 367 25 59 263 338 27 52 511 363 25 72 355 344 34 56 803 312 24 57 598 284 23 59 512 311 27 65 711 296 21 52 758 302 22 54 171 269 22 57 
98 1167 492 37 83 422 410 34 83 607 426 27 82 509 554 32 105 1044 649 49 70 227 505 35 88 887 377 30 72 1122 463 36 82 312 307 26 58 508 368 26 69 514 309 26 65 262 341 32 50 560 367 24 61 806 311 23 57 761 303 23 54 598 285 24 58 171 269 21 57 715 296 18 53 355 347 34 55 
99 1169 492 36 83 420 408 35 85 607 423 27 84 229 507 36 84 1045 650 51 68 509 556 31 100 1123 461 37 85 888 377 28 72 506 369 28 68 263 340 34 51 558 364 24 61 517 311 24 62 312 310 26 55 809 311 22 58 765 302 23 56 352 344 26 61 716 297 20 53 171 269 21 57 599 285 23 58 
100 1169 492 36 82 508 554 31 104 607 422 27 84 420 410 35 81 1125 459 37 90 230 505 34 89 1046 651 51 68 888 377 27 71 264 341 37 51 505 369 28 69 814 311 21 58 347 346 34 58 517 312 26 62 767 303 24 54 557 363 23 61 717 299 23 52 314 314 25 51 170 270 21 56 599 286 23 58 
101 1169 491 37 82 508 553 31 107 607 421 27 84 1127 458 35 90 1048 651 51 68 418 410 36 81 231 504 33 90 888 376 27 73 263 341 42 51 347 347 33 56 504 370 29 68 314 312 27 52 817 312 22 55 518 320 27 59 770 303 23 55 168 269 23 58 719 300 23 52 553 364 21 57 600 286 23 57 
102 507 556 32 100 1170 492 36 80 607 421 27 84 1051 650 52 70 232 505 33 87 417 410 34 82 888 376 26 72 1129 458 33 86 347 351 34 50 264 340 44 53 773 307 23 53 551 362 22 55 821 314 20 55 520 324 25 55 501 371 26 67 168 270 23 57 719 300 26 52 434 412 26 75 316 312 27 53 608 286 23 59 
103 505 555 34 103 1052 650 53 70 233 504 32 88 606 421 28 84 1171 492 34 81 889 376 25 72 416 410 31 81 1131 457 33 86 548 362 22 55 776 310 26 49 502 373 24 65 521 325 24 54 435 413 26 74 346 351 39 50 263 339 49 54 720 302 26 50 168 270 23 57 822 314 22 54 608 288 24 55 316 311 27 53 
104 504 552 34 108 234 505 32 86 606 422 27 82 1171 491 35 82 413 410 31 82 1054 650 51 70 889 376 25 72 436 412 26 74 1135 458 31 85 778 310 26 50 502 374 23 64 521 325 25 54 544 363 23 54 168 271 22 56 825 315 27 55 353 354 36 43 608 288 24 55 278 335 44 58 722 301 24 51 316 311 27 55 
105 502 550 36 113 606 423 27 83 235 505 31 85 1170 491 36 83 411 409 29 84 890 376 25 72 1059 651 52 69 436 411 27 75 1137 458 32 87 539 363 23 57 827 315 28 55 502 372 23 67 779 312 28 49 521 324 24 55 353 351 36 47 168 269 22 58 610 289 24 54 728 300 24 53 286 336 37 59 
106 501 550 37 113 410 409 29 83 235 505 32 86 606 422 27 83 1168 492 39 82 1059 652 53 68 890 376 25 73 438 411 26 73 828 315 30 56 779 313 30 49 536 361 22 62 353 351 39 47 1139 458 30 88 502 371 23 69 728 299 24 54 522 322 23 60 611 288 23 55 168 268 22 59 291 336 34 59 320 311 27 54 
107 235 504 32 88 499 551 39 110 408 409 29 84 1170 491 38 83 606 421 26 83 1061 653 53 67 890 376 26 73 437 410 29 74 830 314 28 57 1145 461 29 86 535 361 22 63 780 313 28 50 501 371 24 70 357 351 37 47 729 299 23 53 521 321 25 61 167 267 21 61 324 311 27 59 613 289 22 54 292 338 38 56 291 309 62 89 
108 235 504 32 89 407 410 28 83 606 420 26 85 498 551 39 111 1174 490 35 83 1065 654 51 65 891 376 25 73 1145 461 31 87 832 314 28 57 437 412 29 70 778 313 30 51 360 350 36 49 501 372 24 69 730 298 23 54 521 321 26 62 533 362 23 60 166 268 22 58 322 309 31 66 615 286 20 59 291 309 64 88 
109 235 503 32 89 605 418 27 86 1173 488 37 86 406 408 28 85 498 550 39 113 437 411 31 74 1066 655 52 64 891 377 25 72 833 313 28 58 1147 462 29 87 778 313 30 50 364 350 34 49 501 372 24 69 731 297 22 53 521 321 25 62 166 269 21 58 532 360 23 61 615 285 20 60 322 311 34 60 301 341 45 47 
110 234 503 33 89 496 554 35 103 1175 490 37 84 437 410 31 76 401 407 30 87 1067 656 54 62 1147 460 32 90 891 377 26 72 605 416 27 87 835 313 28 57 776 312 32 50 367 349 32 51 500 374 25 67 732 298 21 52 165 269 21 58 306 340 42 48 525 322 22 64 615 284 19 60 
111 235 503 32 88 494 554 38 103 400 408 28 87 1069 657 51 61 1177 489 35 84 1149 460 33 90 890 377 27 72 438 410 30 75 605 416 27 86 778 310 29 53 838 313 26 58 500 374 26 68 372 349 29 52 732 298 22 53 525 324 23 62 317 340 32 52 165 268 20 60 
112 494 554 37 102 235 502 32 89 396 407 29 87 1178 491 36 80 1069 658 53 60 889 376 28 73 439 410 30 74 1151 457 32 93 776 308 30 54 604 417 28 84 839 312 26 59 499 375 26 67 375 347 29 50 732 298 23 54 163 269 21 58 526 324 22 61 322 337 28 59 615 284 20 61 
113 494 551 36 108 234 503 32 88 392 408 30 87 1178 491 36 80 888 376 28 73 1069 658 54 61 1151 456 33 95 439 410 30 75 603 418 29 83 776 307 28 54 840 312 24 58 498 377 28 65 733 300 23 53 379 350 35 44 524 326 24 56 614 287 21 57 324 335 29 59 163 269 21 58 
114 493 546 35 117 390 408 29 87 232 504 34 87 1151 455 34 97 888 376 27 72 1180 491 34 79 1070 660 53 58 439 409 28 76 601 420 31 81 840 312 23 58 498 377 28 65 382 349 34 46 777 309 25 52 732 298 24 54 521 326 26 57 614 287 21 58 
115 493 546 33 117 386 407 29 89 598 421 29 82 1151 453 35 101 1181 492 34 78 886 376 28 72 1069 661 54 57 229 505 37 85 438 409 27 76 839 312 24 58 496 377 30 66 773 310 22 50 521 325 25 57 391 350 22 42 731 301 24 53 334 316 33 74 154 269 23 58 611 286 23 60 513 366 22 31 116 17 1067 464 
116 492 548 32 114 226 503 36 88 381 407 31 90 1179 491 36 80 1150 453 35 100 597 420 29 80 886 376 27 72 1069 663 53 54 437 409 27 76 837 314 25 56 519 325 28 55 769 311 24 50 153 268 21 59 494 379 32 64 331 339 41 56 610 291 24 57 392 348 27 48 730 302 24 51 510 366 22 31 
117 489 549 32 114 223 502 40 93 1179 491 37 81 884 375 29 73 1150 454 35 98 375 409 32 86 597 420 28 81 1069 664 53 53 436 409 28 76 147 272 22 55 835 315 24 55 492 378 32 65 519 325 27 55 391 348 29 48 338 343 37 50 766 311 25 50 610 287 23 58 91 21 1115 459 510 365 23 32 343 309 29 63 729 299 26 55 
118 487 550 32 113 1178 491 38 82 373 410 33 85 883 376 30 72 221 503 38 91 1148 456 34 96 595 417 31 84 435 408 27 78 1070 664 52 53 394 349 33 46 344 341 34 50 832 317 28 53 762 312 27 51 491 380 31 63 144 271 22 56 518 325 26 55 510 363 23 32 
119 485 555 33 102 369 410 34 86 1179 488 38 86 882 376 30 72 1147 457 33 93 217 504 40 90 435 408 26 79 1069 664 52 53 595 414 29 81 756 312 31 51 141 270 23 58 491 379 28 63 836 323 28 51 395 348 35 47 520 325 21 33 351 343 28 49 510 362 22 32 309 315 13 15 
120 483 551 34 111 1179 489 38 85 365 407 30 91 880 377 30 71 1144 459 34 90 432 409 28 78 214 504 39 90 592 414 31 79 1069 664 52 52 831 321 30 53 489 378 26 64 753 313 32 50 358 342 28 52 405 348 33 48 515 324 27 56 140 270 22 58 346 311 28 54 608 290 23 59 
121 1179 488 37 85 478 552 38 109 360 409 31 88 879 377 29 72 212 503 38 92 588 414 32 79 1143 460 32 89 425 409 30 77 828 320 32 56 1068 668 51 52 359 344 36 49 488 378 24 64 345 312 29 51 408 348 29 48 751 312 33 52 736 308 36 55 516 324 24 57 302 313 15 15 
122 474 554 42 106 209 502 39 93 1180 487 34 86 356 410 31 87 424 409 30 78 877 376 30 74 586 415 30 79 1143 463 31 85 1068 668 49 52 827 321 31 55 411 347 27 50 361 343 37 52 736 310 34 53 487 377 24 65 346 310 27 51 513 325 26 55 
123 1180 486 35 87 207 504 37 88 350 411 31 87 875 376 31 74 419 409 35 78 1135 462 35 85 583 419 30 79 470 557 40 100 1066 670 48 50 736 308 31 56 824 321 33 56 358 343 46 50 344 310 28 53 511 325 27 55 413 345 27 53 483 377 26 66 124 271 22 58 
124 345 409 31 88 1178 488 36 86 469 560 40 94 1133 462 38 87 203 506 40 87 580 419 30 79 415 410 35 76 874 376 29 74 734 305 30 61 1064 671 51 48 509 326 28 56 815 320 32 55 365 341 42 47 480 376 29 70 345 310 23 55 414 343 29 56 498 361 20 32 
125 338 407 30 91 198 505 36 91 1176 488 36 86 1130 460 39 90 467 558 41 99 411 411 33 76 578 420 29 78 732 306 29 61 869 375 28 76 1062 671 52 47 810 321 31 54 476 377 26 69 509 329 27 54 414 345 33 52 371 340 35 46 494 360 23 34 282 317 14 14 345 311 23 52 4 297 20 32 114 271 23 58 
126 1127 459 39 91 464 559 40 95 1173 489 38 84 194 501 35 99 333 408 29 91 571 418 30 82 407 410 30 78 868 375 26 74 805 322 31 55 1061 673 52 45 730 308 26 58 469 378 31 66 508 331 29 52 415 344 34 53 344 312 23 52 384 341 25 53 595 294 24 55 492 359 23 36 276 317 14 13 378 346 24 36 
127 1170 490 39 83 460 560 39 92 1123 458 37 90 189 503 33 93 325 409 31 89 399 410 33 79 568 415 32 86 865 374 28 75 801 322 32 55 1060 673 51 44 463 380 33 64 721 308 26 59 419 345 32 50 507 332 30 52 97 271 24 59 384 342 25 50 591 294 24 56 341 311 22 53 486 356 25 51 269 317 15 15 518 348 21 33 
128 1167 491 40 83 1118 459 40 90 184 506 34 88 457 557 37 97 318 410 30 88 393 412 37 77 859 374 30 75 566 415 30 77 1052 673 55 45 788 321 40 57 715 306 32 64 460 381 32 63 586 295 28 54 385 340 23 55 486 359 22 44 424 345 26 49 91 270 25 59 340 309 23 55 261 319 12 13 
129 1116 461 38 88 1164 491 41 84 178 507 32 89 312 410 29 87 452 552 39 107 560 414 30 78 387 410 34 79 856 373 27 75 786 322 36 56 1050 674 56 44 711 307 31 63 454 383 31 68 385 342 21 53 335 308 24 54 483 359 24 44 425 347 24 48 584 296 23 52 256 319 14 14 
130 1108 460 40 89 171 506 34 91 557 413 30 81 448 556 41 97 1162 489 42 85 853 373 26 77 779 321 36 57 382 410 33 78 1048 675 57 43 708 307 29 62 302 410 30 89 384 341 23 55 335 307 22 55 449 383 29 60 478 361 22 36 75 270 23 61 427 346 21 50 247 317 15 14 
131 445 549 39 107 1159 488 36 88 1105 460 39 89 165 498 31 108 374 411 33 78 297 410 30 88 554 415 28 78 773 320 38 58 1043 675 56 43 847 376 23 73 383 339 25 58 697 309 23 60 443 381 32 62 333 307 25 57 713 307 25 58 426 351 22 49 476 357 24 50 67 269 23 61 
132 440 548 38 111 1154 485 40 91 1101 459 38 89 367 411 37 77 288 414 31 88 546 414 31 81 158 501 31 102 841 376 27 74 765 321 25 54 692 310 27 61 1038 675 53 43 327 306 26 57 438 381 34 64 470 359 29 49 382 337 28 60 719 306 22 59 487 329 33 57 423 346 24 50 573 297 25 53 232 321 14 12 
133 1097 462 37 85 434 554 38 103 1152 486 37 89 147 509 36 92 834 376 28 72 540 414 33 82 363 411 31 77 756 322 29 53 687 311 26 60 280 413 33 91 1026 675 58 43 466 358 29 50 377 337 25 59 434 381 27 61 713 306 21 58 567 296 29 53 324 306 25 56 422 348 21 42 484 329 30 58 221 318 17 15 45 270 26 61 
134 1148 490 34 84 427 556 38 100 534 414 31 80 1092 465 36 79 830 377 26 72 270 407 31 96 140 512 34 87 1025 676 56 42 351 411 31 78 748 322 37 55 681 313 25 59 375 338 23 56 708 306 21 56 422 347 19 43 425 380 30 61 463 357 27 48 481 326 27 64 321 308 23 54 562 298 32 51 
135 1084 464 38 82 1144 489 34 87 422 561 36 90 344 411 34 78 262 414 30 88 531 413 27 79 133 512 34 88 736 324 36 52 1020 676 55 42 370 339 25 58 667 314 30 57 422 377 27 68 423 346 17 45 823 378 23 70 315 310 23 53 205 320 14 13 471 327 27 61 
136 1078 460 38 87 417 557 37 98 522 410 32 86 1136 487 36 88 123 505 37 100 338 409 29 82 724 322 43 56 251 411 32 87 661 314 33 59 815 377 28 73 366 340 24 59 1011 677 54 42 415 378 26 68 419 346 19 41 697 307 20 59 466 325 28 63 312 309 23 55 196 320 15 14 452 358 22 43 
137 1130 489 41 87 1073 460 37 87 412 550 34 113 116 510 34 91 516 411 32 81 244 409 31 91 808 378 28 71 327 411 30 79 363 339 23 61 654 320 30 54 1001 678 56 41 717 324 33 53 412 345 22 41 304 307 26 56 461 325 27 61 409 379 25 78 693 309 18 55 46 6 1206 254 184 321 15 14 449 355 24 49 
138 1124 491 41 85 1067 460 37 88 321 412 30 75 407 549 32 114 235 410 31 89 511 409 31 81 109 511 32 91 802 377 28 72 360 338 25 62 301 306 29 60 997 678 53 40 400 380 27 77 709 326 33 51 644 317 27 54 459 325 23 61 409 346 26 49 685 312 20 53 444 351 24 53 449 336 26 62 
139 97 505 38 102 1061 458 35 91 1119 489 39 90 403 551 33 109 314 410 27 79 226 409 31 92 508 407 27 84 635 316 32 56 294 307 32 57 990 678 51 41 796 379 25 69 393 384 29 72 701 325 32 52 355 338 21 60 407 345 26 52 451 323 26 65 688 322 34 54 439 352 26 51 
140 395 546 37 119 1056 458 34 91 87 512 38 91 1115 490 40 86 215 412 30 92 787 377 31 73 499 410 30 82 303 413 27 76 289 309 31 54 348 338 26 59 630 315 24 56 386 382 32 76 979 679 53 39 693 323 27 53 673 315 22 53 449 325 24 61 158 322 15 14 403 345 25 51 
141 391 539 37 131 1051 458 32 94 1109 487 42 90 296 414 31 76 493 412 32 79 782 376 29 73 208 413 32 90 344 340 24 59 79 514 42 90 619 315 25 56 287 310 31 51 972 679 53 39 379 383 34 75 678 319 36 59 534 298 27 56 403 347 21 44 668 317 26 52 446 326 20 59 436 355 27 48 150 321 15 14 
142 1108 489 37 87 385 544 37 122 486 411 32 81 1045 463 35 88 69 509 41 99 196 412 33 93 289 411 29 81 777 373 29 78 611 314 24 57 966 680 51 39 370 381 37 78 338 342 22 58 287 308 24 54 663 316 30 55 522 294 33 62 441 326 22 60 676 322 33 56 402 347 18 43 
143 1104 489 38 89 188 412 31 94 376 551 44 110 1036 463 36 87 769 373 30 79 483 411 28 82 59 515 42 87 277 413 30 78 364 384 37 75 661 322 34 56 400 349 22 54 954 680 54 38 333 340 27 62 521 295 30 59 601 315 23 54 285 306 24 61 437 328 21 56 
144 1100 489 36 87 1031 462 37 87 374 555 43 101 270 414 31 76 475 409 30 87 764 374 31 77 177 413 33 93 48 515 44 91 328 340 21 62 947 681 53 38 359 385 34 74 593 314 25 57 655 321 32 58 396 348 22 57 280 307 22 57 518 299 25 54 434 328 22 56 
145 1099 490 33 85 1025 462 37 86 470 408 32 85 167 412 32 94 370 554 39 101 757 374 32 77 42 507 42 107 263 413 30 79 343 382 44 82 320 338 23 63 940 680 51 39 392 349 23 56 427 327 23 59 582 315 27 57 513 298 25 56 274 306 21 60 652 312 30 60 
146 158 414 35 93 366 545 39 116 1018 463 39 87 1093 492 36 83 31 511 45 101 462 404 33 88 251 414 31 78 344 384 37 78 754 376 29 74 313 339 24 64 930 681 51 36 391 349 20 56 266 306 25 58 575 317 24 54 424 327 20 60 641 314 28 57 420 354 26 52 
147 362 550 39 106 149 416 35 88 459 403 31 90 242 414 34 80 1091 492 36 84 25 511 43 103 1011 463 39 88 341 386 32 74 746 376 29 75 922 682 52 37 309 344 28 63 388 350 21 54 266 309 22 56 567 313 27 62 635 313 29 59 418 331 21 68 
148 140 413 32 95 1084 494 41 85 356 552 40 104 1012 462 35 91 235 414 32 80 455 406 29 83 20 513 40 99 744 376 28 75 336 386 31 76 915 682 51 37 303 340 22 63 412 328 25 73 385 348 24 58 261 313 24 55 631 318 28 61 558 319 25 56 1134 244 31 24 
149 351 551 42 107 133 417 35 90 14 512 36 100 449 407 31 82 1080 495 43 85 737 376 31 73 226 415 31 79 1007 462 37 89 295 340 26 63 334 385 27 75 905 682 54 36 411 328 22 73 258 315 27 53 381 348 21 60 628 317 28 64 550 320 23 55 55 0 1169 269 
150 348 553 44 101 124 414 35 95 446 408 31 80 1004 458 35 99 735 374 29 74 9 514 37 100 219 416 32 77 1078 495 41 85 327 384 27 78 547 318 23 59 898 684 54 35 289 343 29 64 381 348 20 63 256 316 23 52 619 317 30 65 410 330 21 72 503 319 21 34 
151 116 413 32 97 440 410 33 80 348 554 38 97 1002 463 33 87 1078 494 39 87 733 374 25 73 213 416 31 77 325 383 26 79 3 517 35 93 895 684 50 36 615 318 30 64 379 350 22 59 283 342 31 67 540 319 22 58 250 317 25 52 
152 346 550 36 108 111 417 31 92 437 409 31 81 1078 494 38 86 998 464 35 86 730 373 25 76 319 386 27 73 374 349 27 63 203 419 29 79 0 513 29 101 890 685 50 34 611 318 28 65 277 341 27 59 534 317 23 61 245 316 26 54 400 329 17 44 
153 345 556 35 95 434 406 31 84 102 417 32 92 1077 494 36 84 995 464 37 86 314 386 28 74 196 418 34 80 373 348 29 67 727 374 27 75 273 342 31 66 606 317 31 67 882 686 50 33 0 512 24 103 242 316 27 53 524 317 24 62 575 106 19 41 
154 98 415 32 99 344 548 35 113 310 386 32 75 431 405 31 86 192 419 30 80 1077 493 37 85 265 346 37 62 993 465 39 86 723 375 25 76 372 350 30 66 603 316 33 69 0 507 22 111 876 687 52 33 495 297 24 62 409 348 23 55 522 315 22 67 241 314 27 53 395 349 25 63 
155 93 415 32 102 188 418 31 82 344 539 37 129 1079 492 37 87 431 405 30 84 309 387 31 75 263 351 34 57 992 464 40 88 722 376 25 74 873 688 52 32 376 346 26 72 519 317 22 62 605 319 31 63 0 503 16 119 411 345 24 53 493 299 24 59 243 318 20 43 598 320 27 64 167 18 942 223 
156 90 418 31 95 1080 491 38 91 184 418 31 82 308 387 32 76 344 533 38 140 431 405 30 83 260 352 35 56 721 376 26 81 993 462 39 94 513 318 25 62 874 688 48 32 379 348 23 66 597 323 28 62 608 320 28 61 412 349 25 54 495 298 24 59 0 529 15 88 85 0 1109 267 387 350 25 59 
157 87 419 33 93 1082 493 39 87 307 387 33 77 177 416 33 86 431 406 31 80 723 377 23 73 345 537 39 130 259 351 36 60 995 463 38 91 512 318 24 64 608 320 27 62 873 688 49 32 598 322 26 62 495 296 25 62 391 331 28 72 420 347 23 61 78 0 1124 266 0 527 13 92 562 106 20 43 
158 85 419 34 95 176 416 32 85 431 406 30 81 310 387 29 76 1083 493 43 87 722 376 26 74 256 352 35 59 337 555 56 95 997 463 37 92 424 350 22 56 872 689 50 31 611 320 25 62 495 295 29 64 387 348 29 66 597 323 27 61 83 0 1121 269 507 299 26 80 0 527 13 92 562 107 19 41 395 329 26 51 
159 84 420 34 91 175 416 32 85 311 386 29 76 432 407 31 80 721 374 28 77 349 544 42 116 1090 492 40 86 999 461 39 97 254 346 28 66 509 318 23 66 426 352 22 58 873 689 48 31 387 362 30 56 608 319 27 65 0 527 13 93 398 327 23 53 499 295 25 62 597 321 28 65 1100 244 28 29 
160 352 548 41 112 83 420 35 92 175 416 31 85 313 386 27 77 1002 461 39 97 726 374 29 77 434 407 31 80 1094 494 39 84 607 317 28 69 390 345 33 73 872 689 49 31 252 344 30 68 507 293 26 88 0 527 14 92 427 349 23 65 401 328 18 40 595 320 33 68 84 0 1116 269 1100 244 28 29 
161 357 545 40 117 726 373 32 79 83 419 34 94 1007 461 37 95 174 416 32 85 315 385 27 79 435 406 31 81 1099 493 39 87 607 317 31 69 249 315 33 103 391 342 37 75 434 348 24 65 872 688 49 32 0 527 14 91 507 275 27 104 510 316 21 71 84 0 1116 270 1101 244 27 29 
162 362 539 37 126 82 419 35 92 728 374 33 78 1010 462 36 91 1102 493 40 88 173 415 33 86 317 384 26 79 248 314 34 101 608 318 30 69 394 343 39 74 436 404 31 85 872 688 49 32 436 348 25 69 0 526 15 93 509 318 21 69 82 0 1119 269 1100 244 29 30 632 313 25 56 
163 365 538 38 124 82 419 36 92 1107 493 37 88 730 374 33 78 1014 460 33 94 173 416 33 85 318 384 27 80 249 305 32 102 612 318 29 69 508 322 21 64 438 405 31 83 872 688 49 32 442 349 23 67 0 525 15 95 407 330 26 79 637 313 22 55 82 0 1116 268 
164 1111 491 36 91 82 419 35 94 368 537 37 123 733 374 33 79 1017 462 37 90 174 416 32 85 322 384 26 81 408 330 25 78 616 319 28 67 441 406 33 81 507 318 24 69 248 304 34 103 448 350 27 66 873 688 48 32 0 500 14 123 640 315 23 54 82 0 1114 268 
165 83 418 34 95 1117 491 34 89 1021 462 35 89 736 375 32 76 174 416 32 85 508 320 24 64 325 383 26 83 620 319 25 67 371 538 38 109 444 403 33 85 409 328 27 79 450 350 29 66 872 688 50 32 243 343 29 69 0 501 14 122 646 316 22 52 249 304 31 101 79 0 1118 270 415 358 28 64 
166 1120 487 34 98 83 418 35 97 1025 462 33 90 742 375 31 77 174 418 32 83 327 383 26 83 242 342 27 69 507 322 27 61 445 401 35 87 622 320 26 64 0 505 16 116 375 538 38 109 455 349 33 64 416 341 32 78 872 688 51 32 641 317 25 52 76 0 1127 269 259 311 36 58 
167 1124 486 33 99 1028 461 33 92 83 418 35 97 174 417 32 84 745 373 29 81 239 344 29 68 376 539 40 106 628 318 34 67 327 385 28 81 449 399 30 83 461 352 30 61 0 508 17 111 873 688 51 31 506 325 30 58 412 321 31 94 264 313 30 54 422 355 27 71 516 289 31 72 77 0 1122 268 
168 1126 486 36 96 83 419 35 96 1032 462 35 94 174 417 32 84 237 346 31 68 378 537 38 111 634 318 30 69 751 371 28 81 332 385 29 81 505 326 32 59 873 688 51 31 266 312 29 55 0 524 20 95 453 396 35 87 464 353 29 60 426 355 27 71 410 327 28 55 516 287 33 71 
169 83 419 36 96 1130 491 37 89 1036 465 34 88 174 418 33 82 235 345 33 69 754 369 27 83 384 538 36 108 505 324 33 61 638 319 34 69 333 385 29 82 456 405 33 81 431 356 31 70 0 524 23 95 470 351 26 62 270 311 23 56 872 688 54 31 409 328 27 50 
170 83 417 37 100 1135 493 36 87 1039 465 33 87 757 370 26 81 175 417 33 83 337 385 27 81 387 541 38 103 235 345 32 70 459 403 32 83 476 350 23 61 506 327 32 60 434 360 31 63 640 318 34 73 0 525 26 94 272 311 26 56 876 689 52 30 410 326 27 51 87 0 1107 270 
171 83 415 37 105 1138 495 41 84 1046 460 34 97 391 546 37 92 175 417 33 83 761 372 26 76 338 386 26 79 233 346 34 69 440 360 30 66 642 318 35 73 462 401 31 78 478 350 22 63 0 527 27 90 506 328 29 58 876 690 52 29 533 294 31 57 275 312 23 57 412 324 24 55 655 315 29 57 789 245 24 41 
172 83 415 37 106 1141 495 39 82 764 373 26 76 393 545 36 95 176 416 32 85 1049 459 34 98 340 385 25 79 232 347 34 68 0 526 26 91 443 362 30 63 465 397 30 84 479 350 21 63 413 324 23 55 278 311 22 58 643 318 36 74 534 291 32 61 506 328 28 60 875 690 53 29 789 245 22 43 
173 83 416 37 103 396 534 34 115 1145 491 39 91 766 374 28 78 342 385 26 79 176 415 32 87 1051 456 37 105 229 348 26 64 650 317 38 74 0 526 27 93 412 325 24 53 537 293 30 57 465 398 32 81 450 362 25 62 280 313 22 56 483 347 26 67 877 691 53 27 789 244 22 44 502 330 34 62 495 333 27 68 476 351 23 62 707 257 25 29 84 0 1114 266 
174 85 417 33 98 1149 482 39 109 400 529 32 123 344 383 28 82 1053 457 42 104 227 348 28 64 770 374 25 78 178 415 29 88 655 319 35 72 0 529 28 87 471 395 28 84 412 325 23 54 878 690 54 28 281 312 22 56 487 350 29 60 491 332 34 71 543 299 29 51 789 245 22 43 708 257 25 28 
175 1151 481 41 111 85 416 32 100 403 529 33 124 348 383 27 81 225 346 28 66 1057 462 45 94 179 415 28 89 772 374 25 76 657 335 36 56 409 325 27 53 473 393 27 89 0 527 29 92 284 311 26 58 489 349 28 64 879 691 53 27 547 298 27 53 788 245 23 43 459 365 28 55 80 0 1127 265 708 257 26 28 
176 85 415 32 101 1152 487 44 98 402 536 37 111 350 384 27 80 221 346 29 67 775 374 30 78 1051 468 59 90 179 416 28 87 664 319 32 72 0 529 30 88 407 323 29 53 286 311 24 59 475 391 27 91 549 299 25 53 490 345 31 71 880 692 53 25 463 364 24 58 402 318 25 53 
177 86 414 31 103 404 538 37 107 1154 485 43 102 351 384 28 81 777 373 33 80 218 345 28 68 184 419 30 81 405 323 34 53 1059 469 52 92 666 318 30 73 288 310 25 60 0 527 30 91 488 329 38 80 474 396 29 82 464 364 24 61 550 299 24 54 880 691 53 26 789 246 23 43 
178 85 414 32 103 409 536 35 110 1155 489 44 94 779 371 34 83 216 345 27 69 353 385 27 82 1066 471 46 89 184 420 29 79 400 319 28 57 678 318 27 72 1 527 30 94 550 298 25 55 479 399 32 78 288 314 26 56 486 328 32 78 466 364 27 61 880 692 54 25 709 257 28 32 789 245 23 44 76 0 1125 267 
179 410 538 37 104 85 414 31 103 214 344 26 72 781 370 36 85 353 385 28 83 1157 490 43 93 398 319 30 57 1071 468 44 93 180 417 27 86 681 321 28 70 479 400 32 77 551 299 24 54 1 529 30 90 484 329 31 78 467 366 27 60 289 312 27 58 789 244 22 46 709 257 28 33 80 0 1120 267 660 311 20 34 
180 412 534 35 113 85 416 31 99 395 320 34 57 1161 489 45 95 778 376 46 81 179 418 29 84 1076 467 40 95 212 346 26 69 356 385 29 82 480 400 31 79 685 322 29 68 551 298 25 56 290 313 25 58 0 530 32 88 469 367 26 57 484 328 30 79 708 257 29 33 79 0 1123 265 788 244 23 46 493 343 31 75 
181 781 377 47 80 411 537 37 103 84 417 33 97 1163 487 42 101 357 385 29 82 1080 465 38 99 179 418 28 84 394 321 33 56 691 323 30 68 205 347 26 67 481 397 32 85 291 315 26 56 550 297 27 58 0 531 32 86 469 365 29 60 661 309 25 51 497 361 29 58 473 324 31 56 708 256 29 34 82 0 1118 263 788 244 23 46 
182 786 377 43 80 1166 489 39 96 412 535 37 107 85 419 33 95 200 348 31 66 178 419 30 83 358 385 28 83 1082 464 37 100 292 313 30 59 394 321 31 56 1 529 32 91 484 394 31 89 694 327 30 68 555 298 24 57 471 362 26 64 661 309 24 51 708 257 28 34 471 322 30 58 789 244 21 47 501 360 36 59 80 0 1122 264 
183 412 531 36 114 788 377 41 80 195 347 35 69 177 418 31 85 1170 488 35 98 359 385 29 84 84 418 33 98 1087 459 32 102 393 320 30 57 292 316 28 56 1 528 32 94 701 327 32 69 486 394 30 87 555 296 24 59 661 309 25 52 474 362 23 63 498 360 28 63 468 322 31 60 709 257 28 33 82 0 1118 264 789 244 22 45 
184 413 530 36 113 176 418 33 85 1172 489 35 96 361 385 28 82 191 347 36 69 797 378 34 79 84 418 33 100 392 322 31 55 1094 469 32 93 292 317 27 54 1 529 33 91 701 326 38 71 487 397 30 84 556 295 23 59 475 362 23 62 787 245 25 56 466 323 31 58 503 362 32 58 708 257 28 34 1124 246 29 46 657 310 27 49 80 0 1124 264 
185 176 417 33 86 414 532 37 108 362 385 28 82 800 378 31 79 190 347 34 68 84 416 32 103 1173 490 34 93 1094 468 34 94 393 321 28 56 703 328 42 69 2 529 33 90 295 316 26 55 556 294 23 60 488 394 33 89 473 362 25 62 499 362 25 63 462 324 33 59 1125 245 26 38 80 0 1125 262 789 245 22 43 708 257 29 34 903 700 39 19 654 312 30 48 
186 415 530 38 112 177 417 31 86 364 382 27 90 85 415 31 105 189 347 30 68 1095 468 38 94 1173 490 36 93 803 374 31 85 706 328 44 69 392 320 28 57 1 528 35 91 297 316 26 55 556 294 23 60 461 325 30 62 490 381 33 110 648 310 28 47 79 0 1126 262 471 365 29 60 708 257 29 34 498 360 24 65 789 245 22 44 903 699 43 20 912 249 26 32 
187 416 533 38 107 1094 467 43 99 84 415 31 104 186 345 31 71 711 331 41 66 804 369 30 88 1 524 35 96 178 417 30 85 1174 490 37 93 392 320 29 57 365 384 30 94 296 316 27 56 556 294 24 59 455 327 33 75 490 394 35 90 644 311 35 47 74 0 1135 262 494 361 27 62 709 257 29 34 912 248 27 34 904 698 46 21 
188 416 535 39 104 1095 467 46 100 85 415 30 104 713 328 40 71 806 371 30 83 2 521 36 103 392 319 31 59 367 382 26 88 1175 493 38 86 297 320 26 54 179 418 29 84 555 294 25 59 491 389 35 98 185 343 29 77 642 311 35 47 453 331 33 70 75 0 1132 263 709 257 28 34 912 248 27 34 789 244 21 45 487 361 31 62 
189 417 531 37 113 1097 468 48 100 85 415 31 103 807 372 31 81 1179 488 34 112 3 518 35 109 295 320 28 54 368 382 27 89 391 319 31 58 726 328 30 70 555 293 26 61 640 311 35 46 179 419 29 84 450 330 29 69 494 391 31 95 181 345 27 74 709 257 28 34 483 361 36 67 789 243 21 46 73 0 1136 260 913 248 27 34 
190 417 530 36 114 1098 469 48 98 85 417 31 99 1179 488 36 110 449 329 27 68 809 373 32 79 294 320 28 54 4 515 33 116 368 382 29 89 733 322 24 70 637 310 35 48 180 419 28 86 392 318 30 60 494 391 32 96 554 293 26 61 179 344 27 73 709 257 28 34 481 363 36 61 789 243 20 48 74 0 1136 260 913 248 27 34 
191 1102 465 47 108 416 528 36 114 85 417 30 99 1180 486 36 114 293 316 30 56 810 372 34 89 4 514 33 119 175 346 29 68 371 384 27 86 495 393 33 93 449 330 26 66 735 321 27 72 184 420 29 81 392 318 29 62 554 293 26 61 636 310 30 47 709 257 28 34 484 356 29 53 914 248 25 34 72 0 1144 261 
192 1105 462 45 113 170 346 32 70 496 389 34 100 449 331 24 63 1180 486 37 112 85 416 30 101 417 525 35 119 292 316 30 56 810 370 37 94 373 385 28 83 4 515 34 116 185 420 28 81 393 319 26 62 555 293 25 61 741 324 25 76 636 309 27 50 709 257 27 34 72 0 1146 263 914 247 25 36 483 357 28 48 
193 1106 461 45 112 417 521 34 116 166 346 33 70 84 417 32 101 813 373 35 88 1181 491 38 92 373 386 30 81 291 313 29 62 448 332 25 61 184 420 29 81 392 319 28 63 555 292 26 61 7 525 38 98 496 389 34 99 749 326 22 73 633 305 28 49 710 257 27 33 914 247 26 36 74 0 1145 260 482 356 28 48 475 375 27 61 
194 162 347 34 69 1107 459 45 114 416 521 36 117 555 292 26 62 184 419 31 83 501 394 35 87 290 313 28 62 84 417 32 101 1183 493 38 88 816 373 33 88 375 386 28 81 391 318 30 63 6 526 40 98 449 331 23 62 753 328 26 72 473 374 27 61 74 0 1148 259 788 244 19 48 632 304 28 51 710 257 27 33 914 247 27 35 
195 416 524 38 110 501 393 36 88 184 418 32 85 1184 480 36 123 157 348 38 69 376 385 28 84 1114 467 43 102 556 293 26 60 83 416 33 104 288 312 28 62 818 373 32 88 6 526 41 97 390 319 31 58 756 328 24 71 470 375 29 61 448 333 24 60 788 244 19 49 710 257 28 33 77 0 1144 258 638 323 17 32 914 248 27 34 
196 416 528 39 102 1116 465 42 104 502 393 35 86 184 419 32 83 557 292 26 61 82 415 36 106 376 384 29 86 4 528 44 91 153 348 43 71 287 312 26 62 818 374 33 86 1185 483 35 118 757 327 27 73 466 373 31 65 390 319 31 59 448 331 23 62 75 0 1147 260 710 257 27 34 788 244 18 48 
197 503 393 35 85 416 529 40 100 1120 464 40 108 557 292 27 61 184 419 33 84 77 416 38 104 148 350 41 69 4 527 46 90 376 383 29 87 464 371 32 68 822 377 35 83 1191 494 37 98 389 319 32 59 759 328 29 72 286 312 24 62 446 333 25 58 78 0 1139 260 710 257 28 34 638 316 17 40 
198 417 523 39 112 504 394 35 85 1123 461 39 114 184 419 33 83 7 524 42 96 81 416 38 104 147 350 40 68 823 377 36 82 558 291 27 63 463 370 30 72 1190 495 40 96 379 383 33 86 285 312 26 63 390 319 32 59 764 328 27 71 446 334 25 56 634 308 25 52 79 0 1142 259 710 257 27 34 
199 417 515 38 126 505 397 33 81 1126 462 36 113 185 416 32 87 10 524 39 95 146 350 37 68 381 383 31 87 81 417 37 102 1190 494 41 98 824 377 37 82 459 372 32 70 391 320 30 57 559 291 27 64 767 328 29 71 447 335 24 56 285 312 24 62 634 308 24 51 76 1 1147 258 710 257 27 34 
200 506 398 33 80 416 516 37 121 185 416 32 87 144 349 34 69 1191 495 40 97 83 418 34 99 380 383 34 87 824 376 38 83 1129 463 35 107 559 291 27 65 14 522 36 102 391 320 30 57 455 373 36 69 770 330 27 69 445 334 25 58 634 308 25 51 280 313 24 62 75 0 1149 260 710 257 28 34 
201 507 399 33 78 416 514 36 124 1131 460 36 114 83 417 34 100 142 349 32 68 380 383 35 86 1191 494 40 99 825 378 39 80 187 416 31 86 561 291 27 66 16 517 35 110 393 320 27 57 775 332 29 70 280 317 23 60 450 373 40 70 635 307 25 52 442 335 25 55 67 0 1162 259 710 257 28 34 
202 507 398 33 78 414 516 35 118 139 345 32 71 83 416 34 100 1191 495 41 97 187 417 31 84 378 383 40 87 826 377 39 81 1133 461 36 111 561 291 26 65 16 517 36 108 778 330 26 72 442 372 41 71 396 319 26 58 279 316 23 62 635 304 27 52 440 336 26 56 68 0 1160 260 710 257 28 34 786 244 18 48 
203 412 519 36 109 508 396 34 79 84 415 33 101 138 343 30 73 378 384 39 85 1134 460 37 112 187 417 31 84 828 378 38 81 1192 495 39 95 276 318 27 61 781 329 25 73 440 370 45 73 17 521 36 102 396 319 27 58 561 290 27 66 635 303 29 54 68 0 1160 261 710 258 28 33 786 244 18 49 438 336 31 56 
204 410 520 37 108 508 395 35 79 85 414 32 103 137 341 28 76 273 319 29 61 380 384 38 85 829 376 38 84 1194 490 39 94 188 417 30 83 782 325 27 79 1140 472 39 94 397 319 27 58 436 376 46 69 562 291 26 64 18 523 36 99 635 304 32 52 64 0 1170 261 710 257 28 34 438 336 34 56 787 244 17 49 
205 408 525 39 96 85 412 31 106 508 393 36 81 1194 491 39 92 382 384 36 85 1140 469 40 101 272 319 28 62 830 375 38 85 188 417 31 83 434 377 44 67 784 326 28 76 131 341 27 75 399 319 24 58 637 307 31 52 18 524 38 96 562 291 27 64 62 0 1173 261 436 333 33 48 786 244 18 48 457 350 28 57 711 258 27 32 427 351 62 96 
206 409 523 38 100 84 413 33 106 508 392 36 83 1142 467 40 105 127 342 32 74 1195 488 40 98 384 384 35 84 269 320 28 60 831 374 39 86 189 416 31 86 433 375 42 70 564 292 27 62 637 308 34 51 19 522 40 98 788 324 26 79 399 317 28 63 427 350 59 98 60 0 1172 263 437 332 32 51 786 244 18 49 918 249 24 34 1134 246 29 29 711 258 28 32 
207 85 412 32 107 410 522 35 102 509 393 36 82 127 342 31 75 1142 469 42 98 832 375 39 86 267 319 27 61 385 382 34 88 1195 489 41 96 189 413 32 83 432 375 38 69 19 521 40 99 637 307 34 52 566 292 25 62 793 326 26 77 400 320 24 58 439 336 31 58 62 0 1168 264 787 244 17 49 919 249 23 34 
208 85 412 33 107 510 393 35 82 1144 469 42 98 409 518 33 109 124 347 34 71 265 318 27 63 833 375 38 86 1195 489 41 97 388 384 31 85 189 412 32 86 21 520 38 102 428 375 39 68 401 320 24 58 638 307 34 53 569 290 23 68 795 327 26 76 440 338 30 57 65 0 1164 262 711 257 29 34 786 244 18 48 
209 84 413 34 106 509 394 36 82 1145 467 42 105 119 349 36 68 265 316 25 65 1194 490 43 94 835 377 37 84 190 412 32 85 407 518 32 92 390 385 29 82 22 520 39 103 425 375 30 70 401 321 23 58 443 340 26 54 640 298 34 61 570 289 22 68 801 334 26 71 68 0 1159 264 
210 509 395 34 80 84 414 35 105 1146 469 44 99 837 375 36 87 116 349 37 69 264 314 24 68 1195 491 42 91 404 518 35 90 191 413 31 90 391 384 29 85 23 522 40 97 641 298 33 62 402 322 22 57 439 340 31 60 803 332 24 74 426 373 25 70 573 289 19 70 69 0 1157 264 711 258 29 33 
211 85 414 34 104 509 393 34 80 1150 468 41 100 404 518 35 91 839 375 35 87 114 348 38 70 1195 491 43 90 391 385 28 84 192 410 32 88 263 314 23 67 805 333 24 73 643 297 31 63 421 376 28 66 25 525 38 91 438 339 30 59 404 322 20 57 73 0 1149 266 574 289 21 69 
212 86 413 33 106 1153 466 40 103 402 517 37 93 507 390 34 82 840 374 34 88 112 348 38 72 192 412 32 85 1197 491 40 91 391 385 27 82 260 314 25 68 806 333 25 73 644 296 31 64 29 510 34 111 575 290 22 68 436 339 31 61 415 373 27 72 71 0 1155 265 405 320 20 60 786 244 17 49 
213 86 413 33 106 402 519 36 89 1154 466 39 104 192 412 33 85 108 348 39 72 506 390 32 74 1197 492 40 89 843 375 30 87 34 506 33 119 808 333 24 72 392 387 28 77 257 316 23 66 434 338 31 62 646 295 29 64 412 377 29 67 575 292 23 66 73 0 1151 265 403 322 20 35 
214 87 413 33 103 1157 462 37 113 193 411 34 86 398 517 37 94 506 390 31 72 848 378 33 83 33 504 35 121 1196 491 41 91 107 348 37 72 809 333 25 71 392 388 34 85 255 317 23 66 432 340 34 60 646 295 30 64 71 0 1153 265 576 292 23 67 410 379 27 62 
215 86 411 34 105 194 412 34 84 398 518 36 91 849 377 33 86 34 501 35 127 1159 465 34 107 505 390 31 74 1195 489 42 95 393 383 35 84 253 320 24 64 810 333 26 71 434 347 34 58 106 346 27 73 576 292 23 68 651 296 31 64 402 323 22 34 67 0 1161 267 
216 86 409 33 108 397 509 36 105 195 412 34 84 850 377 33 86 250 322 27 64 33 503 37 123 1195 488 42 97 391 381 35 89 1161 464 32 108 504 393 33 77 813 333 25 72 434 344 35 63 105 342 26 77 652 298 30 63 577 291 23 70 403 323 22 34 62 0 1171 267 711 258 28 33 
217 395 502 37 116 86 412 34 101 195 412 34 84 850 376 34 87 246 323 30 63 1196 486 39 101 1163 465 30 106 32 502 39 125 388 377 37 97 435 344 34 63 494 388 37 85 816 332 24 75 102 342 24 76 577 290 31 70 653 306 29 55 406 319 29 66 61 0 1169 269 711 258 29 33 
218 393 495 37 129 85 409 35 105 196 412 34 85 243 322 31 64 851 376 33 87 1196 485 39 102 389 387 39 88 33 504 39 120 1164 466 30 104 436 344 35 63 494 390 33 72 97 343 26 75 819 329 22 80 406 318 28 67 654 307 28 54 579 291 28 68 61 0 1171 267 711 258 29 33 
219 84 408 36 105 391 497 38 124 197 411 34 87 852 377 33 86 242 322 29 65 1196 485 39 101 391 388 38 87 489 389 38 71 33 505 40 116 438 344 34 62 1164 466 31 102 406 318 28 65 579 292 30 64 655 307 27 54 821 329 21 79 94 344 24 75 60 0 1173 267 712 259 29 31 
220 390 499 39 116 198 412 34 85 83 409 37 103 239 323 32 63 853 377 34 86 484 389 43 68 1195 486 40 98 395 388 36 88 33 503 43 119 407 320 26 63 443 341 35 61 1168 475 33 93 658 308 25 53 91 343 25 77 583 293 28 64 822 330 20 78 369 376 32 69 60 0 1173 266 828 343 22 68 
221 200 410 33 87 82 409 38 103 388 497 37 119 237 323 31 64 481 389 40 66 854 380 34 83 1194 489 40 91 397 387 34 89 33 504 43 117 408 320 26 64 1168 476 33 92 87 345 28 74 657 308 27 52 447 345 26 63 827 331 24 77 585 295 27 63 370 372 29 73 61 0 1176 265 
222 200 407 34 88 81 410 40 103 854 380 35 81 235 325 29 62 385 504 39 106 479 389 38 67 397 387 34 89 1192 492 41 85 35 504 42 118 407 318 29 67 78 346 34 75 448 346 25 60 658 308 27 52 827 331 24 77 586 297 27 61 1169 475 33 94 456 339 27 54 61 0 1176 266 
223 200 404 34 89 80 412 41 100 384 508 36 97 36 503 42 120 857 381 34 80 235 324 26 62 397 387 33 88 477 391 37 66 74 347 38 72 408 318 28 68 1191 493 41 84 586 295 28 64 827 332 26 76 659 308 26 52 457 339 28 55 450 348 23 57 1170 476 33 91 61 0 1178 265 
224 200 404 33 88 860 382 34 80 38 503 40 118 79 413 43 97 382 509 35 95 396 386 34 89 408 317 28 70 230 320 26 67 476 393 38 63 71 348 38 72 1189 493 42 84 585 295 31 65 828 334 25 73 660 307 26 53 451 349 23 56 458 338 28 62 1171 476 32 91 62 0 1176 264 
225 200 404 33 87 40 505 39 113 381 505 34 104 862 383 33 79 409 318 27 70 397 384 33 85 75 411 40 97 230 321 24 66 828 335 27 71 69 348 38 70 663 307 24 54 1189 494 42 83 458 338 32 62 468 386 35 71 1171 477 33 90 587 293 29 67 67 0 1166 267 452 347 22 58 
226 200 405 32 86 42 503 38 118 864 383 32 80 75 411 40 96 379 499 36 104 398 383 32 87 228 318 26 71 409 317 28 72 67 347 36 71 829 337 28 68 1188 494 42 85 663 305 27 56 587 296 30 64 1177 492 40 78 351 357 29 74 463 383 38 76 459 338 36 61 1165 463 28 106 461 344 50 118 64 0 1176 265 714 258 26 32 
227 201 406 32 84 44 500 36 124 380 497 34 108 866 381 32 83 75 410 38 97 66 347 35 71 227 317 26 73 409 316 29 73 828 337 32 77 398 385 32 90 347 352 31 79 664 299 29 61 1187 491 43 90 590 296 29 63 470 339 26 59 1173 472 32 100 458 383 40 77 66 0 1172 265 1165 463 28 107 715 258 26 31 459 332 30 123 
228 202 407 31 83 44 502 36 117 380 496 34 108 73 408 40 101 867 379 32 87 64 348 34 71 830 337 31 77 226 317 26 72 403 388 35 88 409 316 29 74 667 298 27 62 342 355 32 75 483 339 24 60 1179 489 41 83 448 385 51 75 593 295 31 63 469 341 22 58 68 0 1167 264 1192 500 36 83 
229 202 408 31 82 379 499 36 102 45 502 37 116 831 338 32 76 72 408 41 101 223 321 28 68 403 388 37 89 484 338 25 62 62 348 32 70 871 381 33 83 1180 489 40 83 410 314 28 75 667 297 29 65 594 294 31 64 339 359 33 72 445 386 32 72 462 344 25 54 68 0 1164 264 1166 462 26 110 
230 203 409 29 81 378 502 37 94 46 503 37 113 72 409 40 100 402 387 40 93 833 340 31 74 221 322 29 67 874 381 30 82 1181 489 39 85 487 338 28 66 61 347 30 72 337 359 35 76 595 294 31 65 410 314 29 75 668 297 29 65 461 345 24 62 436 386 33 73 72 0 1153 263 
231 203 408 30 83 378 504 37 87 405 385 40 97 47 505 38 107 833 341 33 73 71 413 42 93 334 357 37 79 218 325 31 64 874 378 34 86 1181 486 37 94 54 345 31 75 494 337 25 68 463 344 24 64 411 317 28 74 671 301 26 66 596 289 33 70 76 0 1149 264 432 385 36 77 
232 378 504 37 90 204 407 29 83 69 414 45 92 876 373 35 95 409 389 41 91 217 322 30 68 834 342 33 71 48 506 37 107 331 361 38 75 1180 481 37 105 53 345 32 75 465 342 25 67 500 339 25 64 672 301 26 67 411 317 29 74 605 294 25 64 73 0 1165 267 1147 245 29 30 
233 380 503 37 92 69 418 47 88 876 373 40 101 215 322 31 68 51 347 34 72 52 502 35 116 1181 483 36 102 207 408 31 81 411 390 43 90 329 361 38 76 837 341 31 73 471 343 22 67 412 319 30 72 606 292 26 68 672 302 25 66 500 343 27 67 82 0 1141 265 
234 383 496 34 103 49 348 38 73 69 419 48 86 208 407 32 82 215 321 32 70 881 380 41 91 411 391 45 87 1182 484 35 99 475 341 23 71 55 505 33 111 506 342 28 68 841 342 29 72 321 367 37 73 414 319 32 68 679 304 25 64 611 293 25 69 72 0 1154 264 
235 47 347 42 75 212 406 30 81 388 491 31 109 69 420 49 84 216 322 33 69 62 513 37 93 883 384 46 85 512 342 29 67 415 387 44 94 848 341 31 76 321 371 40 71 1182 483 36 98 478 344 23 65 682 306 25 61 417 320 32 67 616 296 25 65 72 0 1155 267 574 113 20 40 
236 47 347 45 74 215 405 30 81 66 509 37 98 892 386 46 83 215 324 35 67 77 420 46 84 851 341 31 76 392 488 30 111 484 345 27 66 521 342 28 67 327 377 39 64 686 306 26 62 1182 483 50 103 417 389 40 89 399 382 29 73 64 0 1169 265 1184 464 26 113 
237 46 346 49 75 79 418 46 86 854 341 30 75 897 391 47 78 70 507 38 100 488 344 28 66 217 402 34 85 529 341 31 68 217 324 34 66 397 487 32 99 428 389 40 89 1185 480 52 105 325 378 44 63 693 305 26 63 398 382 31 72 75 0 1152 264 629 298 27 62 737 258 24 32 438 366 27 27 
238 88 419 44 83 56 345 45 75 402 492 36 88 903 390 48 80 223 402 33 85 497 343 25 69 435 389 39 89 857 340 32 76 535 340 32 70 77 505 37 101 1191 480 53 107 221 326 32 64 326 378 45 64 397 380 28 64 430 328 31 57 633 299 28 60 703 305 26 63 76 0 1154 263 
239 60 345 46 75 408 486 34 100 93 419 43 81 88 492 35 120 230 403 37 82 907 386 47 87 504 346 29 64 1196 482 52 106 548 342 29 67 865 340 29 77 443 390 37 87 228 329 28 66 397 380 28 62 328 378 42 64 708 305 25 64 79 0 1144 263 436 328 31 55 640 296 29 64 598 113 19 39 
240 66 345 43 73 413 489 38 96 557 340 32 73 511 344 28 66 918 391 44 79 235 404 37 81 873 343 32 76 93 511 37 90 331 379 35 62 96 417 43 84 714 303 28 65 1200 480 54 107 393 379 32 60 452 388 38 88 234 329 29 65 654 302 26 55 85 0 1137 260 439 327 33 54 306 349 13 13 
241 419 487 40 99 71 346 41 71 877 343 34 77 101 495 38 114 239 406 41 78 569 344 28 69 522 345 25 65 458 388 39 90 920 389 45 83 334 376 30 65 390 377 35 68 110 415 33 80 236 329 29 57 722 303 25 64 659 300 25 57 446 324 28 59 1209 473 35 116 86 0 1135 262 
242 245 408 44 75 427 488 38 97 110 497 37 108 578 346 34 64 77 345 36 74 116 412 30 83 881 344 34 74 530 347 28 63 468 389 36 88 389 375 33 71 1216 473 37 117 337 375 27 66 925 387 43 86 240 327 32 61 731 305 27 64 665 295 29 64 452 323 36 68 77 0 1151 260 622 114 19 36 
243 438 482 36 104 591 346 29 65 86 346 36 73 117 498 40 106 538 348 27 63 250 407 48 77 124 410 28 85 477 390 36 86 1223 480 37 103 338 376 28 62 388 376 31 68 245 326 33 64 934 386 41 88 891 345 29 69 741 306 27 63 457 321 32 68 72 0 1162 260 
244 89 348 39 69 446 479 38 107 901 346 33 74 259 410 51 73 130 502 39 97 948 388 36 84 127 409 34 89 549 349 25 62 602 346 33 65 337 376 35 65 486 391 35 85 1230 470 36 106 390 374 29 71 253 327 30 69 464 323 26 60 752 304 27 65 76 0 1164 258 641 113 19 36 
245 459 479 34 105 137 501 39 97 270 405 44 79 559 348 26 64 137 409 29 84 905 345 34 72 611 344 32 66 495 390 34 85 101 348 30 69 341 376 32 66 390 373 27 73 953 388 37 85 1232 484 39 95 261 330 28 63 759 306 28 64 473 324 26 56 78 0 1161 260 1245 480 32 84 701 298 30 61 649 113 20 38 
246 467 475 38 107 146 497 41 104 142 409 31 82 275 405 50 79 1245 485 32 94 571 348 24 65 507 390 33 85 387 372 31 68 348 374 27 70 109 348 31 74 626 343 32 69 918 345 27 72 962 387 37 86 769 305 25 67 266 329 30 57 708 297 28 63 70 0 1180 259 480 327 30 57 
247 148 407 38 85 925 344 35 78 477 483 38 90 156 502 41 95 632 343 35 72 971 388 40 85 115 352 30 66 286 407 46 75 579 348 29 67 513 388 35 87 356 377 32 63 1251 481 28 101 389 374 32 64 486 325 26 63 273 330 28 56 66 0 1180 257 780 306 27 65 717 295 34 65 671 113 18 37 
248 153 406 43 86 165 498 41 98 587 348 29 65 977 388 44 85 293 400 40 81 488 477 39 94 118 353 35 65 644 345 33 72 931 345 33 74 526 389 35 87 360 374 30 68 1255 491 25 84 393 373 35 68 494 324 25 63 788 306 28 67 57 0 1192 259 279 331 26 52 
249 156 405 46 85 299 399 36 82 657 347 34 69 179 503 41 94 498 476 40 96 123 352 34 64 983 387 45 87 533 389 36 86 598 349 27 66 287 332 28 60 1261 489 18 89 943 346 26 74 360 376 41 68 363 373 69 78 58 0 1181 262 502 323 24 62 
250 508 470 37 104 186 493 40 108 310 397 36 83 995 390 44 85 164 403 47 87 952 348 31 74 608 350 27 64 669 349 31 66 544 390 33 85 291 331 33 61 125 351 35 65 510 322 25 70 361 377 45 70 809 305 27 69 56 0 1183 257 384 373 40 72 1263 476 15 114 
251 516 463 39 113 195 496 43 102 680 348 33 65 1004 389 45 86 170 401 44 88 316 398 35 81 619 351 27 63 130 350 50 68 556 388 32 88 959 348 30 72 297 329 33 65 376 373 48 74 515 321 24 69 818 307 26 66 50 0 1183 258 
252 525 466 39 109 208 496 39 96 179 401 42 88 321 398 35 83 136 349 48 69 692 349 32 70 1011 393 50 81 626 352 33 64 371 373 56 74 561 389 35 86 307 323 31 69 968 347 27 72 522 317 27 75 828 304 28 69 65 0 1164 263 
253 536 454 38 131 704 348 32 69 142 349 44 68 215 493 39 101 633 351 34 63 1019 393 47 83 187 399 36 90 326 401 41 77 975 348 33 71 313 328 31 66 373 374 51 71 575 389 35 87 531 319 27 74 836 306 27 66 45 0 1199 263 
254 541 453 42 126 1026 394 46 83 713 349 34 70 196 399 36 90 335 401 38 77 145 349 47 68 981 347 30 73 225 491 37 103 644 352 30 64 376 372 47 72 583 389 34 86 319 330 31 64 539 329 27 66 59 0 1179 265 843 306 28 66 789 296 35 65 
255 551 458 40 122 1032 393 45 85 725 348 32 73 237 491 35 103 653 351 30 64 334 409 44 70 153 347 45 68 197 402 39 85 593 389 32 87 991 346 27 77 383 375 39 68 328 332 24 63 856 304 25 69 805 299 27 60 52 0 1196 262 
256 659 350 33 67 1041 395 44 83 205 403 41 82 560 463 43 110 243 488 38 109 732 350 34 71 999 345 31 80 340 406 48 75 157 344 45 69 604 387 32 90 385 376 38 69 334 331 25 63 865 305 26 68 814 296 28 66 35 0 1223 263 409 375 25 69 
257 1049 392 39 84 740 355 37 70 565 472 46 93 208 405 46 78 164 344 43 69 1004 347 31 74 671 352 27 64 339 332 26 63 346 407 52 74 256 498 35 89 560 333 25 60 610 386 33 90 410 377 27 66 387 376 32 67 876 302 26 74 825 299 31 61 42 0 1219 265 
258 574 472 46 95 753 353 33 73 214 406 50 77 1058 391 39 83 678 352 32 66 261 494 38 87 169 348 43 65 359 402 41 76 343 335 33 60 620 388 32 88 410 378 29 63 1014 348 25 71 566 332 25 60 387 376 37 68 44 0 1220 266 
259 1069 394 39 83 584 477 48 85 765 354 31 71 351 335 27 60 633 390 34 85 269 493 39 89 688 354 27 63 180 350 38 64 216 403 65 81 1022 349 30 71 415 380 29 61 366 400 44 79 573 326 26 61 61 0 1184 269 893 307 25 67 
260 1070 390 49 86 185 347 38 67 279 495 43 84 223 398 61 82 355 335 33 60 776 351 30 69 640 390 37 84 1029 350 31 68 592 474 50 88 417 381 32 61 582 331 27 63 702 358 30 64 371 403 56 76 60 0 1182 262 905 308 24 67 860 305 25 61 389 374 35 42 
261 653 392 39 81 1082 388 44 90 595 475 54 82 191 349 36 65 707 354 30 63 786 351 33 68 290 493 41 88 362 336 33 58 232 399 57 80 586 330 34 66 380 399 47 82 1039 349 29 71 429 381 34 61 392 374 36 44 57 0 1189 264 
262 1094 391 44 86 238 395 56 87 300 495 43 82 663 394 41 80 1051 349 30 72 601 476 60 79 801 351 31 77 391 394 40 83 432 381 37 63 719 353 27 62 594 329 33 67 204 350 28 64 374 334 25 61 925 323 28 52 881 300 31 57 63 0 1176 264 
263 1104 390 43 90 674 397 46 77 310 494 39 82 254 397 50 82 810 352 33 77 441 379 38 66 729 353 32 64 210 351 33 64 603 330 35 65 605 473 62 82 1060 348 29 72 933 324 32 52 401 397 39 78 383 333 25 60 893 306 29 61 59 0 1183 273 0 369 16 74 
264 261 394 53 85 1117 395 39 83 823 351 33 80 323 495 34 80 687 398 41 76 413 366 33 113 738 353 29 64 453 377 34 69 614 471 69 84 1071 349 32 71 1 377 31 61 947 324 31 51 213 350 35 63 909 306 30 61 614 332 28 62 393 336 24 37 48 0 1201 266 
265 1124 392 36 91 833 354 38 76 697 397 47 77 333 494 35 80 418 362 31 117 269 392 48 83 463 374 28 71 1077 348 38 81 751 354 37 72 625 468 64 89 3 375 37 66 222 351 31 60 954 325 37 52 625 332 23 63 402 336 22 36 36 0 1221 266 917 300 32 57 
266 281 391 42 84 848 355 35 75 632 466 58 84 474 374 27 71 1133 395 37 84 18 376 37 64 344 494 37 81 633 332 28 64 758 354 31 62 428 367 33 108 710 395 39 80 1094 351 32 79 230 350 37 64 934 302 34 68 972 322 31 55 36 0 1232 264 
267 1145 393 37 90 645 465 53 86 484 373 28 71 288 390 47 82 859 358 35 72 351 493 43 83 31 374 41 65 719 397 49 76 1102 347 31 85 645 335 25 61 238 349 31 65 431 393 38 83 773 357 34 72 418 331 25 63 47 0 1218 264 948 299 33 59 
268 657 464 51 86 1155 388 38 99 47 372 36 69 494 374 29 71 874 356 32 74 731 395 39 78 780 360 33 69 1113 351 30 80 362 490 41 87 440 397 38 79 246 350 28 61 295 388 42 84 655 333 25 62 427 326 23 62 957 301 38 68 
269 662 463 57 87 308 386 41 89 62 369 34 73 885 357 34 73 1164 395 45 86 504 374 30 71 369 495 55 81 1124 352 32 80 793 361 28 67 740 396 37 74 450 395 41 81 661 329 32 69 257 348 32 63 435 327 29 59 975 303 35 66 40 0 1228 268 
270 677 465 47 82 515 375 30 71 900 355 29 76 380 492 49 81 804 359 29 69 755 391 33 82 314 387 45 87 1171 390 48 95 1129 352 35 79 76 367 35 76 449 373 53 107 264 348 35 62 983 303 36 65 670 328 32 70 444 331 31 63 1006 307 34 63 
271 687 464 46 81 326 388 43 86 911 356 32 77 816 360 28 67 1173 392 63 93 528 377 31 66 681 326 34 72 96 365 34 78 1143 349 34 85 390 489 46 82 761 391 40 84 459 401 50 73 1002 305 36 64 278 347 28 62 457 329 30 56 42 0 1226 263 
272 700 462 38 82 923 357 32 77 536 375 31 70 335 389 37 82 1195 393 42 92 1149 350 37 82 114 367 31 74 286 344 37 66 401 491 50 81 828 358 28 68 777 388 37 87 688 330 37 66 1009 301 38 71 467 374 57 106 1024 303 37 70 
273 708 461 36 83 933 359 36 78 345 387 37 86 489 393 45 83 409 490 48 83 835 361 31 65 549 376 26 71 1203 397 41 85 785 389 40 84 1158 350 35 80 293 344 38 64 699 330 38 66 1024 304 37 69 126 366 33 74 
274 716 459 36 84 559 373 30 72 357 388 35 78 945 360 36 75 146 365 33 77 303 341 41 69 415 487 48 85 1214 398 44 82 795 393 46 79 1169 350 33 82 849 361 29 67 503 394 41 80 710 329 32 68 1033 301 38 74 487 332 30 50 272 433 12 8 
275 725 458 39 83 362 385 42 83 855 361 30 68 570 373 29 72 162 366 33 74 956 364 35 69 1221 395 41 85 308 345 45 62 1176 350 38 82 511 394 41 79 804 386 40 89 426 485 43 77 1050 303 38 73 720 328 28 70 274 435 12 7 0 288 18 70 499 335 23 40 
276 580 372 34 72 867 363 27 67 366 381 50 89 732 455 43 84 970 364 34 66 430 481 49 83 1227 397 41 82 318 347 42 60 174 368 34 72 524 392 40 81 730 328 30 70 812 391 38 80 1185 352 33 80 1057 303 41 72 507 330 28 54 510 367 23 59 276 431 14 11 
277 588 375 35 69 192 369 33 72 980 363 32 67 374 382 51 86 438 480 47 83 330 347 43 60 532 392 36 80 1240 397 39 78 820 391 43 82 877 364 25 64 739 457 40 80 1197 351 30 84 735 328 34 69 1074 304 34 71 519 363 25 70 513 328 29 56 148 296 27 37 
278 383 382 52 84 882 363 27 64 988 362 32 69 206 370 38 70 601 375 34 69 751 455 34 82 337 345 40 61 1244 396 36 83 830 387 29 76 449 478 44 87 1202 351 34 83 1077 302 38 72 546 390 31 82 30 292 30 62 523 365 27 65 748 327 22 60 283 426 14 12 525 330 23 45 
279 391 380 49 87 757 456 35 80 608 373 32 71 1000 360 30 73 217 369 34 72 452 476 48 85 834 385 31 78 891 362 27 67 1249 391 30 95 755 325 25 65 1086 302 35 71 1211 351 31 79 350 346 30 61 553 386 33 79 45 291 26 60 173 295 26 38 532 367 25 57 
280 402 379 42 85 765 455 35 79 618 374 29 68 1006 361 32 73 458 476 43 83 842 385 29 80 222 366 40 75 362 341 27 61 1098 304 32 70 562 385 27 78 758 323 27 68 899 362 28 65 1258 391 21 92 1217 352 31 80 0 294 23 58 534 367 31 79 56 291 27 61 537 330 27 52 
281 410 377 39 87 463 471 36 92 236 367 39 73 1014 360 31 78 771 453 36 80 902 359 28 69 850 383 29 82 627 370 30 72 1103 305 32 70 568 384 27 79 766 322 26 69 1222 349 30 84 371 337 25 64 0 294 36 58 542 369 25 77 70 292 25 58 1265 382 14 107 544 328 25 56 197 296 26 35 
282 852 382 31 83 417 377 39 85 773 450 38 82 241 363 45 74 633 369 29 74 905 360 31 67 1022 362 30 73 1224 347 32 87 1108 304 31 69 770 322 27 69 467 466 35 102 375 335 28 70 569 385 31 81 6 291 42 60 81 293 25 58 547 369 25 76 
283 854 381 34 83 777 451 38 80 252 361 42 78 639 369 31 74 1222 347 40 85 422 376 34 85 1028 364 30 69 912 360 27 69 469 468 36 95 776 322 27 71 579 387 30 79 1112 301 31 73 384 333 26 71 18 290 32 63 93 294 25 56 566 378 33 90 222 294 24 37 
284 260 361 34 74 783 452 38 75 858 381 35 81 781 322 25 69 428 375 34 84 581 388 32 78 646 369 29 74 1226 348 37 84 388 335 29 68 1034 366 30 65 916 362 26 70 1121 301 31 75 22 291 35 64 475 473 29 84 103 293 26 57 555 365 27 83 223 294 25 37 
285 267 361 33 72 787 451 39 75 783 321 26 70 653 367 29 76 434 374 32 86 862 381 34 81 1039 364 28 67 392 336 31 65 584 388 35 76 918 362 27 71 1228 350 37 80 1126 297 31 79 474 468 40 84 34 288 40 67 560 320 23 71 114 293 25 56 560 365 27 81 
286 273 363 33 71 659 369 28 74 471 463 47 91 438 376 32 82 394 337 35 65 787 323 25 67 1048 362 28 71 866 383 30 79 589 388 35 73 795 452 38 73 924 362 28 67 1129 296 31 78 1232 350 30 79 39 288 40 67 562 321 24 68 567 363 26 84 123 283 22 64 365 267 26 63 245 292 25 38 
287 442 373 36 86 281 360 34 75 471 462 49 87 1052 362 27 71 663 369 29 73 796 451 39 74 927 360 27 68 592 388 33 75 873 382 31 79 792 320 23 71 1233 350 31 79 405 335 31 69 45 289 41 66 1132 295 28 69 567 323 23 61 129 284 25 61 573 364 23 82 250 291 25 39 
288 442 370 41 86 287 363 32 71 471 463 51 82 799 449 38 75 1056 363 28 67 928 358 27 69 670 370 26 71 875 381 28 79 410 340 32 61 593 387 33 75 795 320 23 70 1235 350 28 70 1134 297 29 63 50 289 38 64 570 323 23 61 140 284 24 59 
289 442 369 44 89 471 463 52 80 290 364 33 68 803 448 37 76 413 340 32 60 1058 363 29 71 930 357 28 68 875 376 29 84 797 319 23 71 671 368 27 73 1235 347 27 75 1136 297 28 64 602 387 31 73 57 288 45 65 572 324 21 57 146 279 21 64 387 267 25 59 
290 417 338 31 61 442 368 45 89 472 465 48 77 1062 363 28 67 810 444 36 76 930 357 28 68 294 364 34 67 798 320 22 71 875 373 30 88 679 367 26 73 1232 346 32 77 605 384 28 77 1139 297 25 65 573 321 23 62 153 284 24 58 66 292 36 58 584 355 23 84 41 0 1216 280 
291 454 370 33 83 813 442 34 79 423 335 28 64 1230 343 33 82 681 363 26 73 295 363 37 69 874 372 31 90 930 356 29 69 1061 364 32 69 471 460 37 85 797 319 24 71 1137 296 29 68 607 381 25 79 70 292 34 57 587 356 21 82 576 319 20 63 397 264 24 62 157 283 23 59 
292 456 367 32 86 1226 342 36 81 816 441 31 79 684 362 25 73 874 371 30 85 1064 364 28 69 294 363 39 69 929 356 30 72 1136 295 31 70 798 319 23 72 472 455 30 82 427 336 25 62 605 380 27 79 590 354 23 84 574 314 23 56 71 285 31 56 
293 459 364 31 89 818 438 29 81 1225 344 35 78 872 372 37 88 686 363 24 70 930 358 27 69 1066 364 26 68 1135 295 33 70 470 453 31 82 433 334 25 63 294 363 35 68 801 319 26 70 591 353 26 88 604 378 31 81 576 313 21 59 169 280 22 59 
294 460 364 30 86 874 372 30 83 1225 346 34 74 820 437 27 81 688 364 26 69 465 450 37 86 931 358 25 69 437 333 27 62 1067 363 26 69 1135 295 32 67 294 363 33 67 576 313 20 69 799 318 21 72 595 343 30 124 603 355 31 109 88 315 27 31 
295 873 373 31 80 463 448 40 86 1071 361 29 71 930 359 26 68 689 365 27 67 462 364 29 85 1224 346 32 75 825 435 27 80 1134 293 34 69 440 333 28 62 293 364 36 67 595 341 32 126 801 318 26 71 575 312 24 63 91 314 24 31 178 282 23 56 
296 1072 360 28 71 874 373 29 78 460 447 42 85 826 433 27 83 693 366 27 65 930 358 26 69 602 350 33 116 1221 346 32 78 444 334 26 58 1134 293 34 67 465 364 27 85 801 317 26 71 294 364 34 64 575 312 25 64 94 313 23 32 
297 1074 360 28 73 825 431 31 85 455 447 47 84 695 365 28 65 874 373 29 76 602 348 34 117 930 355 26 73 1134 293 34 68 1222 346 27 76 467 362 27 90 450 333 23 59 803 315 23 71 298 362 30 66 95 315 25 29 577 314 23 60 1137 119 20 43 
298 1075 360 29 75 824 431 35 84 453 448 49 82 605 351 32 111 875 370 27 78 930 354 26 62 298 359 31 68 1131 293 40 69 703 363 26 65 470 366 26 83 1221 345 27 77 803 314 23 70 89 282 31 58 581 313 23 60 457 325 25 77 194 279 22 57 
299 448 449 55 81 1078 361 28 70 826 433 35 82 704 360 26 70 298 357 32 70 875 369 28 78 931 353 25 62 472 366 27 81 608 354 32 102 1132 293 38 68 1220 342 28 78 803 312 24 72 91 283 34 56 461 328 25 59 581 313 24 60 1142 119 19 43 
300 453 447 47 83 709 360 25 69 826 437 37 75 876 367 28 81 1081 361 30 70 299 355 33 73 804 311 25 73 1219 339 30 81 933 353 27 63 475 363 26 83 611 341 33 110 1132 295 35 66 94 281 38 58 466 327 24 59 1145 292 28 67 584 314 23 58 321 278 23 39 
301 876 367 31 80 1086 360 28 70 715 360 25 67 830 435 38 75 456 446 38 82 1217 337 33 82 805 310 28 69 935 354 28 62 616 341 35 107 301 355 31 73 482 366 25 75 1131 297 31 63 1147 293 27 65 102 281 33 58 473 325 23 62 586 313 23 58 
302 877 366 32 78 720 359 26 69 835 434 38 77 1089 360 28 71 618 336 36 118 1218 338 32 78 463 442 30 78 806 311 28 66 940 355 23 58 483 357 28 81 307 353 30 76 111 283 35 55 1152 292 25 65 589 314 23 58 1133 297 26 61 
303 878 367 32 77 622 341 41 108 1096 358 29 72 726 359 29 68 809 312 27 64 1218 341 33 74 488 356 28 81 837 432 37 80 306 354 33 73 941 356 25 58 466 439 29 80 114 281 32 54 591 313 23 57 1156 292 25 63 1134 299 27 57 1158 116 21 38 488 324 22 56 1157 658 39 62 
304 627 338 39 112 1099 357 25 74 730 358 27 69 880 368 32 73 309 355 32 70 848 425 30 85 493 356 29 81 813 313 25 69 1219 343 31 71 469 439 30 79 942 356 26 69 118 280 33 56 1159 291 24 65 596 312 22 58 1137 300 23 56 1161 115 22 39 
305 1102 357 27 72 853 422 26 86 735 358 27 68 470 440 32 76 635 338 34 108 310 356 35 68 1221 342 29 73 882 367 31 75 816 313 25 69 944 354 25 63 598 310 24 58 1159 292 26 63 500 356 24 79 1156 674 42 43 1139 299 22 57 121 269 31 59 241 269 24 56 
306 855 418 27 88 465 439 41 75 312 355 37 70 1105 358 29 70 818 310 24 67 743 356 25 70 950 353 26 63 1222 340 25 76 883 366 30 76 639 347 35 93 508 353 24 82 1163 294 24 61 1153 673 42 45 598 311 26 57 1139 300 22 55 127 270 30 58 
307 857 414 27 93 465 439 43 73 313 355 38 70 1108 359 30 71 511 355 24 78 952 351 25 64 820 311 24 65 885 365 27 67 1221 338 27 77 1164 291 25 62 638 356 36 83 746 353 25 73 1149 672 44 46 1139 299 23 57 606 311 22 56 136 269 32 59 651 340 32 102 513 324 24 53 476 250 24 62 
308 511 356 27 76 314 353 37 74 466 442 43 69 1109 361 33 70 858 417 29 86 953 350 25 67 886 362 26 72 823 310 21 65 755 352 24 67 1164 291 25 61 1137 299 25 57 1218 336 30 78 608 307 21 58 1149 669 43 50 637 364 34 78 654 346 36 75 139 267 29 59 150 299 21 32 
309 513 355 29 75 1112 361 29 67 316 353 38 73 466 445 44 65 885 361 26 72 860 416 28 89 953 350 25 66 758 352 25 68 609 305 22 59 1163 291 27 61 822 309 23 66 1217 336 32 79 1135 297 26 57 639 364 35 78 1148 667 41 53 144 267 29 60 655 340 32 104 486 254 21 56 264 267 27 55 652 299 14 14 520 318 28 50 
310 514 354 30 75 1114 360 26 67 883 359 27 73 953 351 26 66 859 419 29 83 466 446 45 62 760 352 25 67 1211 336 32 72 319 354 36 70 1163 289 27 62 822 309 24 67 145 263 35 67 1149 661 39 58 612 306 19 56 641 358 35 79 661 347 32 74 1132 297 26 55 267 269 27 51 488 252 21 56 531 317 25 64 
311 513 353 31 76 880 358 30 74 1113 358 27 69 474 445 42 62 859 420 29 81 952 351 26 66 322 353 35 66 761 352 25 67 1209 336 32 70 823 309 22 66 144 262 39 68 642 361 32 74 533 316 25 66 1147 658 39 61 666 346 29 75 1163 288 27 57 1130 299 22 53 491 254 22 53 272 269 24 52 613 304 17 60 
312 516 350 31 79 879 358 30 73 856 422 30 79 476 443 47 61 1112 357 28 71 950 352 28 64 823 308 21 67 324 353 33 65 1207 335 31 71 1162 288 27 55 145 264 40 64 669 346 28 74 763 352 24 67 642 362 30 73 534 315 25 68 1146 657 37 61 610 305 21 57 1127 300 23 52 494 251 22 56 275 268 25 52 100 0 1110 276 
313 515 350 29 79 478 443 47 59 855 422 31 78 1111 357 27 71 822 309 22 64 877 359 27 70 325 353 30 64 1202 336 31 69 642 362 29 73 949 353 27 61 672 346 26 73 763 353 23 72 1158 286 28 58 144 266 35 61 608 306 23 54 1140 656 40 63 537 314 23 69 495 251 22 55 278 278 19 41 96 0 1115 272 
314 1106 356 29 74 852 421 31 78 513 350 30 78 819 309 23 63 763 352 24 66 1153 286 26 58 639 362 30 72 321 354 34 63 671 345 27 73 482 436 52 66 944 352 25 63 1197 335 29 72 1132 657 39 62 874 360 29 68 606 304 24 54 537 313 24 71 146 271 29 52 1116 298 23 59 
315 1104 356 29 71 761 351 25 65 942 349 26 65 816 309 23 62 482 431 50 68 513 349 30 73 671 344 26 74 637 361 30 71 316 354 35 63 1125 658 42 60 1149 285 26 59 864 359 31 67 850 420 31 77 1186 335 31 69 605 302 23 57 1109 300 26 54 538 314 23 69 147 270 28 52 396 271 17 30 
316 1103 357 26 71 763 349 24 66 941 348 24 63 314 355 33 58 815 307 22 63 671 343 26 74 635 360 28 72 513 348 29 72 861 358 31 68 1186 333 27 69 488 429 46 66 1120 658 46 60 605 302 23 56 1103 299 26 54 539 313 24 71 1145 286 27 57 851 414 30 77 147 270 28 51 396 269 19 34 494 243 22 62 
317 1101 357 26 71 311 354 34 61 763 347 24 67 939 347 24 63 633 360 27 71 670 342 27 74 513 348 28 70 1141 287 24 56 813 305 21 64 601 300 23 58 1181 332 27 69 1118 659 44 59 539 313 24 70 1098 300 26 53 855 353 28 65 849 412 30 79 147 269 27 51 495 242 20 63 490 417 46 71 497 368 44 121 
318 763 345 24 68 306 351 36 65 1098 356 26 71 512 345 28 74 631 358 27 72 935 346 25 65 1138 285 24 56 670 342 26 72 1174 330 30 71 539 311 24 64 808 304 23 62 600 301 22 54 852 351 27 67 1087 298 29 53 846 411 26 78 1113 655 44 65 151 295 21 25 494 242 20 61 507 414 37 71 145 273 27 48 
319 512 343 28 77 762 343 24 68 303 349 39 64 1103 654 47 65 628 357 30 71 1129 285 28 55 539 310 24 64 599 297 21 58 931 346 26 62 1168 328 31 72 669 342 26 70 806 302 22 64 1095 354 29 61 509 417 38 68 1082 295 29 55 1263 365 17 86 847 349 23 66 846 410 25 77 144 273 29 47 149 294 23 26 653 294 12 12 95 0 1113 274 
320 511 341 27 80 293 346 45 66 1097 651 45 68 760 343 25 68 1124 282 26 57 538 309 24 63 1087 352 30 65 1160 329 32 70 597 297 20 56 627 357 29 69 927 347 24 62 1257 372 22 73 665 341 29 61 843 348 25 66 803 300 24 58 141 272 31 47 844 384 25 107 514 413 35 71 1076 294 26 51 492 243 21 58 97 14 1107 357 
321 289 344 46 69 509 340 24 76 1095 647 42 73 758 344 26 65 1082 352 31 64 665 339 26 63 537 308 22 64 621 355 28 69 1152 329 30 69 1252 374 26 65 591 295 20 57 834 349 27 63 515 412 38 70 839 386 28 104 921 347 22 61 1117 281 24 57 799 300 21 59 139 275 33 45 1068 294 23 51 
322 285 343 41 68 537 306 21 65 508 339 24 76 757 342 27 68 663 337 25 66 1078 352 28 63 1089 643 41 77 617 350 31 71 1113 277 24 60 1145 328 31 71 586 294 21 53 1246 373 29 62 833 388 30 100 918 346 24 59 517 409 38 71 829 349 27 62 1060 289 26 54 794 300 23 59 139 284 27 31 
323 284 341 35 69 535 307 23 64 611 350 30 70 1072 351 29 66 1083 638 37 82 1103 277 25 59 661 336 26 67 756 342 25 66 502 337 23 77 913 344 26 56 1138 328 29 70 1237 365 31 77 1053 287 24 57 829 398 31 83 825 348 28 66 520 410 36 61 791 300 24 58 583 292 21 55 137 285 28 30 
324 1078 631 35 89 609 349 29 70 534 308 25 62 1235 362 31 82 909 343 28 56 1064 351 30 67 659 335 26 66 754 340 27 61 498 335 26 73 814 348 27 64 1098 276 24 61 525 408 41 63 280 338 37 68 1130 327 31 70 825 401 30 79 786 300 24 55 1048 287 24 54 578 290 20 58 138 286 25 28 134 281 21 31 
325 494 334 26 74 271 335 39 71 1058 350 34 67 1229 363 33 73 604 347 31 70 905 343 29 56 1073 631 35 89 656 334 27 66 747 337 24 64 575 289 21 54 807 347 24 66 526 406 38 65 1092 276 22 60 531 308 25 60 1040 283 22 59 1125 326 29 63 780 299 25 54 134 281 20 29 820 403 27 73 
326 492 333 26 73 1226 363 31 73 747 336 24 64 1054 349 29 63 267 335 35 69 1067 632 37 86 531 404 29 64 654 334 28 64 903 342 27 56 1085 275 25 55 571 288 23 55 597 346 30 68 1033 283 23 56 528 306 23 60 804 346 23 65 1120 324 27 63 819 405 25 70 777 299 26 51 132 281 21 28 
327 1052 348 26 62 491 335 24 69 597 345 28 68 1221 363 32 73 747 333 21 65 262 335 33 67 532 401 28 65 1061 632 37 86 653 334 27 64 527 305 23 61 901 343 26 55 1115 321 25 67 568 287 22 56 1077 277 25 57 1025 284 24 56 797 342 21 68 817 403 23 73 130 282 19 26 777 298 23 51 
328 489 334 24 69 595 344 27 68 1056 632 37 85 531 399 36 66 1047 347 28 64 1217 363 33 70 744 334 22 64 259 335 30 67 526 304 23 60 565 287 21 55 814 404 23 70 1110 320 23 67 1073 274 24 56 653 334 27 63 790 340 25 61 1020 283 21 55 896 343 23 55 774 295 21 58 129 280 19 27 627 280 11 14 
329 488 332 22 70 1051 630 38 90 1210 361 33 70 590 342 29 69 1042 344 25 70 743 335 23 63 529 399 41 63 894 342 24 56 1102 320 26 67 1068 275 22 54 526 304 22 59 784 339 26 64 250 335 35 69 1015 282 22 56 810 401 23 71 561 286 21 55 653 334 27 61 772 296 22 58 129 279 17 28 626 277 11 16 
330 486 331 21 70 1208 359 33 73 1047 626 39 94 892 341 24 57 247 335 37 67 1040 343 27 72 586 342 31 68 1065 272 22 56 807 396 24 75 1099 318 24 70 526 304 21 59 741 335 24 63 560 285 21 55 532 394 38 66 1011 282 21 54 781 338 24 63 648 333 25 64 771 296 23 56 127 280 18 26 625 278 11 14 
331 1205 358 36 74 1041 630 41 90 485 332 21 69 247 332 34 66 1037 343 27 73 534 393 37 65 892 339 23 56 740 334 24 63 1060 272 24 54 585 341 29 69 805 396 25 74 522 298 24 65 557 285 22 54 1005 282 22 54 1097 319 24 68 649 330 24 67 778 339 25 62 770 297 22 56 126 280 18 25 624 279 11 13 
332 1031 629 48 91 1202 357 35 74 484 330 21 70 1035 344 27 70 247 328 32 69 1054 271 25 54 891 337 24 59 537 388 35 69 584 341 28 68 741 335 21 59 522 299 24 63 1091 321 25 66 805 395 24 74 1001 281 22 54 647 329 27 67 557 284 21 53 772 339 23 61 768 297 23 57 125 280 20 25 
333 1201 357 35 74 1028 627 47 93 242 327 34 69 1031 347 28 65 484 330 21 70 1051 272 24 55 1090 320 23 66 741 334 21 59 541 388 31 68 890 337 25 56 583 339 28 66 522 300 24 62 769 339 24 60 804 396 25 73 654 326 26 63 554 282 19 53 768 297 21 56 999 281 22 52 122 268 21 36 
334 1201 357 33 75 239 327 34 68 1029 347 27 66 1048 272 25 55 484 329 22 70 1087 319 24 65 583 339 27 65 891 337 24 57 767 337 24 62 546 385 28 70 1021 622 49 98 742 333 20 58 654 326 27 63 527 306 21 55 996 279 20 55 803 396 25 73 766 296 22 56 553 281 20 55 119 258 31 47 
335 1201 357 32 75 1028 347 26 62 237 327 35 67 1020 615 45 105 891 336 23 59 1085 318 23 66 582 338 27 66 802 396 27 72 657 327 26 60 484 329 22 69 1047 274 24 53 549 384 25 70 765 334 22 65 527 307 22 53 741 331 22 61 993 279 21 55 766 296 21 54 553 280 20 55 120 256 29 48 124 268 21 32 
336 1201 357 31 74 238 325 34 66 1027 345 24 64 1082 316 24 68 892 338 22 58 583 339 25 63 802 396 27 72 484 328 22 69 659 326 26 60 1045 275 21 53 990 279 22 54 551 381 24 73 761 332 22 67 527 303 22 55 1021 614 39 106 742 332 20 60 125 270 23 32 766 293 19 42 552 280 20 59 
337 1201 356 29 75 1025 344 23 68 1078 315 26 68 239 326 29 64 892 338 22 58 1044 272 20 56 582 338 26 64 803 397 26 72 661 327 27 60 485 328 22 68 986 280 21 54 527 303 22 55 556 383 24 71 758 332 23 66 126 270 22 32 1018 613 38 107 742 332 22 60 765 291 19 43 550 283 21 57 
338 1201 354 26 75 1076 314 26 70 1041 271 21 56 1023 344 24 69 582 337 25 65 237 329 32 64 485 327 21 69 893 338 21 57 666 328 23 60 803 397 25 71 983 281 21 54 559 381 21 74 128 270 22 32 1016 614 39 93 528 301 21 57 755 333 25 65 742 333 24 59 763 286 22 55 535 297 23 60 391 253 19 30 
339 1200 353 26 76 1075 314 26 69 485 327 21 70 1018 344 25 71 1038 270 21 56 582 337 24 65 894 338 21 57 238 329 31 58 669 328 22 59 803 397 25 70 1011 608 40 104 981 280 22 53 128 270 22 31 559 381 22 64 763 285 21 57 744 334 26 61 753 334 26 65 535 296 23 61 528 301 21 56 393 254 17 28 
340 1199 353 26 79 1017 345 26 69 1034 272 22 55 1074 316 26 67 237 331 33 61 484 327 21 70 803 396 24 71 894 338 22 55 1011 606 38 114 670 327 23 59 560 381 25 71 979 281 22 53 582 338 23 64 747 333 24 63 763 285 21 60 131 269 20 32 535 294 25 64 546 283 22 62 393 257 16 26 
341 1199 354 26 78 1014 348 28 65 1006 598 39 122 238 331 30 60 484 327 22 70 1073 318 26 65 1032 272 21 55 746 332 24 64 671 326 25 61 894 338 24 52 978 280 21 52 802 397 25 70 131 271 19 29 582 338 23 63 560 382 27 69 544 282 25 64 763 284 21 62 536 290 25 67 394 257 16 26 
342 1197 356 27 76 1002 609 40 111 1011 349 29 64 1029 274 22 53 239 332 28 58 745 333 26 66 483 327 23 69 894 339 25 53 670 325 28 64 977 279 22 54 1072 319 25 63 534 289 27 70 131 270 19 30 761 285 23 58 581 339 24 63 798 391 22 71 562 381 26 62 
343 999 612 41 108 1009 349 29 63 1195 359 27 73 240 332 27 58 1025 278 25 49 743 333 27 67 483 328 23 68 975 279 23 55 896 339 22 56 1068 319 23 66 669 325 31 65 797 391 23 70 565 381 26 63 131 271 20 30 759 288 25 54 581 339 24 62 542 282 24 62 533 308 24 56 395 256 15 26 
344 994 617 43 103 1008 348 26 64 1067 319 23 66 741 335 27 64 1190 361 26 69 483 329 23 67 796 390 24 71 971 279 20 56 241 332 25 59 895 341 23 57 1024 279 23 47 562 382 33 69 678 327 28 68 131 271 19 29 576 340 21 56 760 292 21 44 542 282 21 64 533 289 25 71 395 258 14 24 
345 1189 360 26 71 1005 348 25 63 991 617 42 103 1066 319 22 65 969 280 22 56 794 389 26 71 482 329 23 67 243 326 24 63 896 342 22 55 737 336 23 61 679 329 26 66 1019 280 22 50 566 380 28 65 129 270 21 31 533 287 24 75 759 293 21 43 576 339 20 56 756 328 24 59 394 259 15 23 
346 1186 359 29 72 1004 348 24 64 242 327 28 61 794 389 24 72 978 625 60 93 896 342 22 56 1064 320 22 63 967 281 22 57 478 329 22 68 734 336 22 60 128 271 21 30 1017 276 22 54 681 331 25 64 531 290 25 71 569 377 26 68 757 294 20 42 755 332 23 60 574 339 20 57 
347 1184 359 30 72 1000 348 25 65 239 327 32 60 981 617 46 103 478 329 22 68 896 342 20 56 1060 320 22 65 964 283 23 56 791 391 24 69 684 331 23 64 1014 276 21 54 569 329 25 126 126 270 23 31 530 286 26 75 755 332 22 59 733 336 21 60 756 293 19 44 724 336 24 64 527 305 22 57 
348 1182 358 32 72 979 615 46 105 478 329 21 68 896 341 19 59 998 351 26 64 1058 321 21 64 724 334 21 67 239 326 31 62 786 395 32 71 962 286 21 54 755 333 21 58 685 330 23 65 1010 276 21 54 571 375 22 70 530 285 25 77 121 258 32 46 574 339 18 58 125 269 24 32 739 334 19 63 393 258 16 26 
349 1179 358 35 73 477 330 22 67 976 615 44 105 722 336 22 65 1055 322 23 64 784 397 32 68 896 341 20 58 993 351 25 66 240 327 29 59 958 287 24 53 686 331 23 62 754 333 21 59 1005 277 23 51 529 280 27 86 527 304 22 59 569 330 23 125 125 269 22 33 393 258 16 27 121 259 31 46 
350 1177 358 38 75 477 330 21 68 975 610 37 110 1053 323 24 63 781 400 34 67 721 337 22 64 241 328 30 58 896 342 20 58 957 286 22 53 754 335 22 58 992 354 26 71 1003 277 21 52 527 303 21 62 689 332 22 62 125 269 20 33 532 281 23 66 1265 385 14 77 571 330 21 125 394 259 14 26 
351 1175 362 41 70 477 332 19 66 243 329 31 57 971 610 36 110 1052 323 25 63 780 401 33 66 988 356 30 68 718 337 24 63 955 286 25 53 754 334 23 58 896 345 21 61 527 307 21 58 1261 390 18 70 1001 278 21 55 691 332 21 61 124 269 20 33 532 282 22 64 574 376 19 69 570 339 17 58 394 260 14 25 616 276 10 12 751 295 16 38 571 331 21 123 
352 477 331 19 67 1173 365 44 68 778 402 34 66 1052 323 24 64 967 610 38 104 897 346 20 62 987 357 28 65 755 334 24 58 715 335 26 66 693 331 24 64 955 286 23 53 249 329 30 58 1256 399 23 66 526 305 21 60 995 280 23 53 125 269 19 33 394 258 15 27 297 267 16 28 572 332 20 121 575 374 19 71 532 283 22 61 616 276 11 12 570 339 17 57 
353 1165 371 53 63 476 332 19 66 1251 401 29 62 777 401 33 68 1051 324 26 63 754 335 26 58 897 348 20 58 984 356 28 60 968 608 36 106 955 287 22 52 711 332 26 69 995 282 21 50 249 328 24 60 747 296 16 37 124 270 19 33 525 309 22 57 695 331 24 63 572 336 21 114 297 267 16 28 394 259 15 26 575 373 21 73 531 282 22 62 
354 1164 373 53 63 476 332 18 66 1251 400 28 63 754 334 27 58 1051 324 25 63 705 331 30 70 982 355 27 60 963 602 37 118 777 401 30 67 993 282 22 51 895 349 23 60 252 332 26 57 955 287 21 51 577 385 21 65 524 312 23 54 124 269 20 33 528 282 23 65 567 342 19 56 746 302 18 41 694 334 30 61 299 268 14 27 615 278 11 11 
355 1164 373 52 64 961 599 37 121 1251 400 28 63 475 332 18 66 705 333 27 69 1050 325 27 62 991 282 22 52 980 355 27 61 754 335 28 61 251 333 27 56 895 349 24 58 777 399 27 67 576 385 23 65 955 287 20 51 744 300 19 44 123 267 20 36 525 311 22 56 528 282 22 65 568 345 16 48 
356 959 595 36 125 1165 373 50 66 473 333 19 65 1250 401 28 61 706 334 24 67 1051 326 26 61 247 328 28 59 979 355 27 69 900 350 24 57 988 282 21 52 755 335 28 61 576 386 23 64 955 287 20 51 743 300 18 44 123 267 18 35 524 310 21 58 567 346 17 64 771 395 26 73 527 282 22 65 
357 957 604 36 116 1164 371 49 68 473 333 18 65 1249 400 29 63 978 356 26 69 708 334 22 68 1052 326 25 61 248 328 25 59 901 350 23 56 756 336 27 60 526 282 22 83 580 386 25 65 986 280 19 55 122 266 18 37 768 387 26 75 953 288 18 49 739 298 24 52 565 342 19 58 
358 953 611 37 109 1166 369 44 69 472 333 18 65 976 358 24 66 1248 401 29 61 901 350 24 59 246 329 24 57 1053 326 24 61 708 334 22 72 758 336 24 60 526 283 21 64 739 299 18 45 580 387 25 63 953 289 19 48 562 343 19 57 766 388 24 73 121 267 17 36 395 260 14 25 983 281 20 54 573 368 25 84 523 307 22 63 
359 951 616 37 104 1165 370 42 68 901 351 25 60 975 361 25 62 471 332 17 67 241 329 27 56 1053 326 23 62 1247 401 27 61 762 335 20 61 762 384 26 78 709 336 23 67 573 385 26 66 954 289 19 47 525 287 21 74 737 300 18 42 560 343 20 57 699 344 22 64 297 267 14 30 119 266 18 36 
360 949 618 37 102 1163 371 43 68 469 332 17 67 235 330 33 55 901 352 25 60 1054 325 22 63 974 362 26 62 1245 401 27 62 764 336 19 61 759 386 26 77 522 284 21 78 573 386 26 64 698 345 21 62 717 336 18 64 954 290 19 44 558 342 20 58 732 298 18 36 
361 945 622 39 98 465 332 20 67 967 362 27 64 232 330 33 55 1159 369 36 69 755 396 28 74 1054 323 19 65 764 336 19 58 1244 401 28 62 900 355 25 57 572 385 26 66 695 348 23 58 720 336 19 62 520 283 23 63 553 341 20 61 294 267 14 31 954 286 29 48 728 298 17 34 111 267 17 38 
362 941 625 43 95 966 362 25 63 1156 369 37 69 463 332 19 67 1238 395 28 72 229 330 36 56 754 398 24 70 765 335 18 58 1053 322 19 66 570 386 26 64 693 348 23 58 901 357 24 55 722 335 19 64 552 343 20 58 292 265 16 33 516 283 24 59 956 286 27 49 109 269 17 35 726 298 17 34 
363 937 627 40 91 963 361 26 65 1236 397 27 69 1152 369 34 68 462 333 18 66 764 336 17 58 219 330 41 55 1053 322 19 66 567 386 28 65 746 402 25 68 552 345 19 60 722 335 19 65 689 347 23 60 900 358 25 55 512 289 23 73 721 298 17 32 291 266 15 32 105 268 16 35 107 283 16 21 
364 934 618 40 102 961 361 25 65 1149 367 31 72 1233 396 28 70 460 333 19 67 744 404 25 65 215 330 39 56 563 384 29 68 764 337 17 58 547 346 22 59 894 358 25 55 1053 322 18 66 687 344 21 64 720 336 19 65 509 288 22 75 950 284 27 52 103 283 17 21 716 297 18 34 101 270 17 33 
365 930 615 41 105 957 362 23 65 1229 396 30 70 1146 368 28 70 892 358 24 54 454 335 20 65 560 385 29 67 212 329 36 59 739 402 24 67 762 339 19 56 541 346 21 59 718 337 20 63 683 342 23 58 1051 324 19 63 709 294 20 39 92 256 24 48 282 274 11 22 
366 925 617 40 103 954 362 23 68 1226 395 28 71 452 335 20 65 209 330 33 57 889 356 23 56 731 404 27 67 757 343 21 53 559 387 25 65 1137 365 26 69 681 340 21 61 716 338 22 62 536 347 21 57 1046 325 19 63 943 284 22 54 503 310 19 56 706 294 22 55 
367 447 334 20 67 918 619 42 101 1223 395 28 71 884 354 23 59 950 364 24 67 715 339 23 61 729 405 24 66 1128 365 28 68 556 388 25 64 533 346 22 59 676 343 20 65 203 328 31 60 755 347 22 49 498 311 20 56 939 284 24 54 1043 327 22 61 701 295 18 39 273 271 15 26 83 268 18 35 
368 442 333 20 67 882 353 22 60 910 617 46 103 714 339 22 61 1124 366 29 73 1219 396 29 69 943 367 25 63 671 340 24 64 550 387 24 66 201 332 28 58 527 344 21 62 493 313 21 55 723 407 24 65 936 283 20 54 1038 334 27 56 695 295 18 38 754 348 22 47 270 271 13 26 78 269 17 34 81 282 17 22 
369 908 610 46 110 438 334 21 66 937 368 27 61 716 338 20 62 878 351 23 60 194 328 26 60 548 387 24 67 1118 368 33 70 669 343 25 64 1212 396 28 69 718 408 27 64 487 312 21 55 523 344 22 62 1034 327 25 60 748 347 22 49 688 295 18 38 931 284 22 52 72 266 18 39 
370 904 614 46 106 435 334 23 67 932 367 28 62 663 344 26 63 1209 396 30 69 712 336 23 63 1107 367 36 72 189 328 24 61 543 386 25 67 517 345 23 61 713 406 26 67 877 351 22 60 747 346 22 49 1032 327 25 61 484 312 20 54 927 285 22 51 64 257 26 47 683 295 18 40 181 274 13 15 
371 899 615 48 105 659 344 27 64 1102 368 34 71 929 367 26 63 1204 397 29 68 537 387 25 66 707 406 27 68 432 336 25 65 711 337 23 62 873 353 19 59 512 345 22 61 745 345 21 50 1029 333 29 59 188 331 21 61 479 313 20 51 474 283 19 33 926 285 22 51 678 293 16 40 254 271 14 26 
372 896 619 47 101 656 347 28 61 426 336 24 66 1097 368 34 71 1202 397 26 67 927 367 24 63 869 353 21 58 535 387 22 65 182 331 21 61 705 407 26 67 1028 327 27 60 710 336 24 64 510 346 22 59 920 282 22 55 741 344 22 51 56 257 25 49 477 312 18 50 1263 422 17 84 673 292 15 40 470 283 20 34 251 271 14 27 672 286 21 57 
373 895 619 43 101 424 334 21 68 653 348 29 61 1199 397 25 68 1094 370 32 69 865 351 21 59 174 331 25 60 704 406 25 69 710 336 23 65 917 283 24 53 919 367 25 64 1254 426 25 74 1027 328 25 59 532 388 22 64 738 343 22 53 474 313 16 49 466 283 21 35 508 346 21 59 668 292 15 42 250 270 15 28 53 268 18 35 
374 891 621 45 99 420 334 20 69 166 331 26 61 861 354 22 57 1088 370 31 67 917 368 24 62 653 350 27 57 1026 327 25 60 697 403 28 74 912 284 27 53 500 343 21 57 1194 398 28 65 526 385 22 69 710 339 21 58 734 343 23 51 1252 427 27 70 659 289 21 53 470 313 16 49 246 271 14 27 49 282 18 23 461 283 20 35 44 257 25 49 
375 415 333 23 69 888 620 47 100 162 331 27 61 1084 370 32 67 858 356 22 54 646 351 26 57 521 385 23 68 911 369 28 69 1188 397 26 68 695 403 28 74 496 343 22 57 1248 431 30 67 1024 327 25 59 908 284 29 54 710 338 23 60 732 342 22 52 463 307 20 58 242 267 16 33 655 292 16 38 450 283 25 51 41 257 24 49 
376 413 334 23 69 885 622 46 98 645 349 27 59 906 371 27 66 1182 397 28 67 516 387 24 65 1079 369 33 69 692 402 29 75 156 332 25 59 855 359 22 51 493 345 20 61 1243 431 33 68 712 340 24 58 904 284 31 54 1024 326 24 62 650 292 16 39 459 309 21 53 449 285 21 33 
377 883 622 45 98 1229 427 45 73 642 347 29 62 409 336 25 68 903 371 27 66 152 332 26 58 1177 396 28 62 510 386 23 67 684 406 32 70 1076 369 32 69 711 339 27 64 488 344 21 56 1019 326 23 62 901 283 31 55 854 360 21 50 453 311 21 50 644 291 15 43 444 285 20 32 896 280 24 54 35 280 18 27 228 270 15 29 30 259 26 48 
378 881 619 43 101 1227 429 43 70 639 346 30 63 144 328 26 60 680 410 32 69 404 337 23 66 709 337 28 66 900 373 25 64 1175 398 24 65 1072 368 30 69 1019 326 22 62 507 389 24 64 484 343 21 57 636 290 17 47 448 312 22 51 848 358 20 52 902 287 29 51 440 284 20 33 892 281 29 53 29 280 18 26 
379 878 619 43 101 1217 427 49 71 636 346 28 63 400 336 27 68 679 411 29 69 708 338 26 65 140 328 23 60 1018 325 20 63 498 386 25 67 895 374 22 66 844 356 21 54 1069 370 32 66 443 312 23 51 478 343 20 57 1166 397 25 60 901 288 27 50 630 291 16 42 222 272 16 28 890 282 30 53 24 281 17 25 
380 876 621 43 99 395 335 27 68 1212 425 45 73 635 345 24 63 677 410 29 70 893 375 22 65 488 389 32 63 1062 372 30 64 1015 326 20 61 1163 398 26 65 472 344 22 56 706 337 23 69 839 355 19 56 436 311 25 52 136 330 18 62 904 292 21 44 425 282 22 54 623 286 21 57 219 269 15 30 
381 391 336 27 66 872 624 42 96 1205 423 46 75 633 345 23 63 889 375 22 64 1058 371 30 65 1012 326 20 60 129 326 22 63 672 410 27 70 485 388 28 64 1156 396 27 62 468 345 22 63 706 337 21 67 832 356 21 53 434 311 23 51 617 287 19 55 898 291 18 43 422 282 20 54 7 258 25 49 209 269 16 31 5 265 17 39 
382 387 336 28 67 866 624 46 96 1202 423 46 75 121 328 22 59 884 375 23 66 670 410 27 70 631 345 23 62 1052 371 32 65 1008 325 21 61 1151 397 26 60 696 339 26 65 481 392 29 62 462 343 22 57 426 312 22 50 829 357 21 52 609 289 22 51 896 290 19 46 417 283 19 35 2 263 18 42 205 268 16 31 
383 863 622 48 98 1194 424 46 75 383 337 28 68 880 375 23 65 693 338 29 66 1049 372 30 63 116 327 21 62 1005 325 22 60 663 410 29 69 1146 397 27 60 630 344 24 64 472 388 28 67 822 355 21 53 891 290 20 44 420 313 24 50 458 343 23 56 604 288 17 42 412 282 20 36 200 268 17 32 1 263 15 41 
384 861 622 45 98 625 343 21 67 1189 423 46 76 657 410 31 70 690 337 27 67 378 337 25 67 877 374 23 65 1003 326 22 61 1047 371 29 65 463 389 31 67 1140 397 25 59 816 355 23 54 888 290 19 45 451 343 24 57 414 313 24 50 111 328 20 58 598 290 17 41 0 257 12 53 407 283 17 36 197 271 15 29 
385 858 621 45 99 1180 421 44 77 375 337 25 67 623 345 23 63 656 409 29 71 1133 397 29 59 687 335 26 67 808 353 25 53 105 331 22 60 1000 326 23 59 873 372 20 69 1037 370 33 67 884 289 19 43 461 387 26 66 450 343 23 68 410 313 23 49 591 290 16 43 401 285 18 32 194 269 16 31 
386 857 619 42 101 619 345 25 63 1128 397 29 59 370 337 26 67 1179 423 37 73 656 411 25 69 872 373 20 68 96 330 25 56 804 353 25 52 684 335 25 67 1036 370 33 66 997 326 27 60 442 343 24 56 879 289 20 44 585 290 17 42 403 312 23 51 458 388 23 66 399 281 19 60 
387 854 620 41 100 366 337 27 68 614 345 26 63 1126 395 25 61 91 329 25 58 1173 423 35 74 868 373 21 67 653 413 27 66 995 325 22 62 1036 370 30 66 437 341 23 58 689 337 22 64 798 352 22 49 397 311 24 53 392 284 20 34 878 291 21 41 578 287 16 45 450 386 23 69 
388 852 621 40 99 364 338 25 68 611 345 25 62 863 373 22 67 1170 422 33 74 648 410 26 73 1121 394 27 61 1035 370 31 66 993 326 23 60 790 351 24 51 88 326 24 64 693 344 21 65 392 312 22 52 572 286 15 45 434 342 22 57 874 288 18 45 438 330 22 128 388 281 18 38 444 383 22 73 674 334 21 61 
389 847 625 42 95 608 346 25 61 857 372 24 68 645 411 26 72 361 338 24 68 1162 421 31 76 1115 392 26 63 1034 367 32 70 783 352 25 51 81 331 23 59 692 345 23 63 989 327 24 58 388 309 21 55 564 287 17 44 869 289 17 44 667 333 21 46 428 342 22 58 175 271 16 30 436 330 20 128 439 385 20 71 
390 842 626 45 94 855 372 24 70 607 345 23 61 1158 421 33 75 640 412 28 71 984 326 30 60 1109 391 28 62 75 327 25 62 1032 364 29 71 359 342 26 66 779 351 23 51 689 342 23 68 864 287 18 45 425 342 22 58 657 334 27 47 170 270 17 31 560 291 17 37 427 319 23 146 556 287 15 42 827 276 24 51 
391 68 327 25 62 1104 392 29 60 852 372 25 70 839 628 47 92 636 412 29 70 605 345 24 61 1151 421 33 76 1030 364 31 69 353 338 24 67 982 326 28 60 686 338 24 67 772 351 23 51 861 288 18 44 552 288 16 42 421 326 26 134 653 333 26 46 420 341 22 58 822 272 22 56 168 270 15 31 83 277 12 14 375 279 20 69 
392 836 627 43 93 633 412 28 72 1101 392 27 60 1149 421 31 76 64 326 25 64 981 325 26 63 350 338 24 67 767 349 24 54 1029 364 31 69 684 338 26 67 601 342 22 67 851 373 26 69 545 289 16 43 416 340 21 60 856 286 19 46 650 329 23 48 368 287 24 73 819 271 22 56 417 333 22 120 418 384 24 73 
393 632 413 25 71 833 630 43 88 1096 391 29 62 1147 421 29 76 980 324 25 63 844 373 26 70 601 343 21 65 1029 364 30 68 347 342 26 66 536 291 20 43 682 341 28 69 761 349 25 53 57 326 26 63 412 342 22 58 647 329 23 50 412 386 25 70 360 290 26 69 813 271 23 55 
394 831 628 43 92 630 413 25 72 54 328 26 59 843 374 25 69 979 324 24 62 344 341 25 68 600 344 21 63 1028 365 28 68 1145 422 29 74 1090 391 28 62 682 343 27 67 756 347 24 49 643 328 22 52 528 293 21 40 408 384 26 74 809 271 19 47 409 341 22 77 360 285 24 58 849 285 17 46 356 307 16 36 
